001111000000001001110001000001000001000000001000111000000001001000001000000000000000010010000000010001010000000001100000001001000010100000000000000000000001100101100000000100000100000000000000000000000000000000000000000000010000000000000000
001000000000000000010010000000000010010110001000100000000000000000000000000000001000010010000100010000010000000000000000000000000000010001000100000000000000000000100000000000000000000000001000000000000000000000000000000000001000010000000000
110111100000001001110011000001010001000111001000111000000001001000001001000000001000010010001100010001010000000001100000001011000010110001000100000000000001100101100000000100000100000000000000000010000000000000000000000000010000010000000000
101011000100001011111001000001000001000001001000111000000001001000001001000000000000010010000000010001010000000001101000001011000010100000000000000000000001100101100000000100000110000000000000000000000000000000000000000000010100000000000100
101101000000001001110001000001000001000000001000111000000001001010001000000000000000010010100000010001010000000001100000001001000010100000000000100000000001100101100000000100000100000000000000000000000000000000000000000000010000000000000000
101110100000001001110001000001010001000001001000111000000001001010001001000000000000010010101100010001010000000001100000001011000010100000000000100000000001100101100000000100000100000000000000000010000000000000000000000000010000000000000000
001001000000100000110100000001010000000001000111111101001000000000000001000000000010000000101100000000000000000000000000000011000010000000000100100000000000000001011000000100000000000000100000000010001101000010001010000000000001000001001000
000000001000000000000000000000100000000000000000000000010000000000000100000000000000000000000000000000000000000000100000000000000000000001000000000110000000000000000000000000000000000000000000000000000000000000000000000000000000000000000000
000000010000000000000000000000000000000000000000000000000000000000000000000000000000000000000000000000000000000000000000000000000000000000000000000000000000000000000000000000000000000000000000000000000000000000000000000000000000000000000000
000100000000000010001000000000000000000001000000000000000000000000001001000000000000000000000000010000000000000001001000000010000000000000000000000000000000000000000000000000000010000000000000000000000000000000000000000000010100000000000100
000000000000000000000000000000000000000000000000000000000000000000000000000000000000000000000000000000000000000000000000000000000000000000000000000000000000000000000000000000000000000000000000000000000100000000000000000000000000000000000000
000000000000100000000000000101000000000000000000000000000000000000100001100000000000001000000000000000000001000000001000000010010000000000000000010000000000000000000000000000000000000000000000000100000000000000000000000000000100100001000100
000000100001000000100100000101000000000000010111111101001000000000100001100000011010001000100000000000000001000000001000000010010010010000000100100000000000000000011000000100111111000000100000000100001101000010001010000000000101100001001100
000000000000000000000000000010000000000000000000000000000000000000000000000000000000000000000000000000000000000001000000000000000000000000000000000000000000000000000000000000000000000010000000000000000000000000000000000000000000000000000000
101111000000000011110001000001000001000000001000111000000001001000001000000000000000010010000000010001010000000001100000001001000010100000000000000000000001100101100000000100000110000000000100000000000001000000000000010000010000000000000000
000000000000000001110000000000000000000000000000000000000000000000100001000000000000000000000000000000000001000000000000011111111100000000000000000000000000000000000000000000000000000000001100000100000000000000000000000000000000000000000000
000100000100001000001000001000000000000001000001010000000000000000001001000010000000000001000001010000000000000001001000000010000000000000000000000000000000000000000000000100000010000000000100000000000001000000000000010000010100000000000100
101111000000001100110001000001000001000000001000111000000001001000101001000000000000010010000000010001010001000001100000011111111110100000000000000000000001100101100000000100000100000000001100000100000000000000000000000000010000000000000000
101111100000101101010101000001000001000000001111111101001001001000101000000000000010010010100000010001010000000001100000001001000010100000000100100000000001100101111000000100000100000000101000000000001101000010001010100000010001000001001000
111111100000001101100011000001010001000111001000111000000001001000101001000000001000010010001100010001011100000001100000001011000010110101001110000000000001100101110000001110000100000000001000000010000000000000000000000000010000010000000000
000100000100000010000111000000000000000001000000000010000000010000001001000000000000000000000000010000000000000001001000000010000000000000000000000000000000000000000000100000000010000000000000001000000010000000000000000000010100000000000100
000000100000100000101011000000000000000000000111111111001000010000000000000000000010000000100000000000000000000000000000000000000010000000000100100000000000000000011000100100000000000000100000001000001111000010001010000000000001000001001000
011000000000000000011101000000000000000110001000100010001111010000000000000010101000010010000100010000010000000000011000000000000000010001000100000000000000000000100100100000000000000000000000001000000010001100001010000000000100010000000100
101111000000001001111110000001000001000000001000111010000001011000001000000100000000010010000000110001010000000001100000001001000010100000000000000000000001100101100000100100000100000000000000001000000010000000000000000000010000000000000000
000000000000000000000000000000000000000000000000000000000000000000000000000000000000000000000000000000000000000000000000000000000000000000000000000000000000000000000000000000000000000000000000000000000000000000000000000000000000000000000000
000000000000000000000000001100000100000000000000000000000000000000000001000000000000000000000000000000000000000000000000000000000000000000000000000000000000000000000000000000000000000000100000000000000001110000000000010000000001100000000010
000000000000000010000000010100000100000000000001000000000000000000000001000010000000000001000001000000000000000000000000000000000000000000000000000000000000000000000000000000000010000000100000000000000001110000000000010000010001100000000010
000000000001100000000000011001000100000000000000000000000000000000100001100000000000001000000000000000000001000000001000000010010000000000000000000000000000000000000000000000000000000000100000000100000001110000000000010000000101100001000110
000000000000010000000000000001000000000000100000001000000000000000000000000000000000000000000000000000000000000001000000000000000000000000000000000000000000000000000000000000000000000010000000000000000000000000001000000000000000000001000000
101111100001101001110001000110010001000001101000111000000001001000101001100000000000011010001100010001010001000001101000001011010010100000000000000000000001100101100000000100000100000010000000000110000000000000001000000000010100100001000100
000000010000000000000000000000000000000000000000000000010000001000000100000000000000000000000000001000001100000000100000000000000000000001000000000110000000000000000000000000000000000000000000000000000000000000000000000000000000000000000100
001001100000000000010000000001000000000001000000000000000000000000000001000000000110000000001100000000000000000000000000000011000000000000000000000000000000000001000000000000000000000000000000000010000000000000000000000000000000000000000000
000000000000000000000000000000000110000000000000000000000000000000000000000000000000000000000000000000000000000000000000000000000000000000000000000000000000000000000000000000000000000000000000000000000000000000000000000000000000000000000000
000000000000000000000000011100001010000000000000000000000000000000000001000000000000000000000000000000000000000000000000000000000000000000000000000000000000000000000000000000000000000000100000000000000001110000000000010000000001100000000010
010000000000000000000000000000001100010000000000000000000000000000000000000000000000000000000000000000000000000000000000000000000000000000000000000000000000000000000000000000000000000000001000000000000000000000000000000000000000000000000000
101111000000001001110001000001000000000001101000111000000001001000001000000000000000010110000100010001010001000101101001101001000010100000000000000000000001100101100000000100000100000000000000000110000000000000000100010000010101000100000000
000000000000000000000000000000000000000000000000000000000000000000000000000000000000000000000000000000000000000000000000000000000000000000000000000000000010000000000000000000000000000000000000000000000000000000000000000000000000000000000000
010000000000000000000000000000000010000000000000000000000000000000000000000000000000000000000000000000000000000000000000000000000000000000000000000000000000000000000000000000000000000000001000000000000000000000000000000000000000000000000000
000000000000000000000000000000000000000111100010000000000000000000000000000000000000000000000000000000000000001000000000100000000000000000000100000000000000000001000000000000000000000000000010000000100000000000000000000000000000000000000000
011000000000000000010010000000000000001011101010100000000000000000000000000000001000010010000100010000010000001000000000100000000000010001000100000000000000000001100000000000000000000000000010000000100000000000000000000000000000010000000000
011000000000000000010010000000000000001101101010100000000000000000000000000000001000010010000100010000011100001000000000100000000000010101001110000000000000000001110000001110000000000000000010000000100000000000000000000000000000010000000000
001101100100000010011000000001010001001110100010000000000000000000001001000000000000000000001100010000000001001001001000100011000000000000000100000000000000000001000000000000000010000000000010000110100000000000000100010000010101000100000100
000000000000000000000000000011000001001111000010001000000000000000000000000000000000000010000100000000000001001000000000100000000000000000000100000000000000000001000000000000000000000010000010000100100000000000001100010000000001000101000000
000000000000100000000000000000000000000000000000000000000000000000000000000000011000000000000000000000000000000000000000000000000100010000000000000000000000001100000000000000111111000000000000000000000000000000000000000000000000100000000000
111111000000001001110011000001000001000110000000111000000001001000001000000000001000010010000100010001010000000001100000001001000010110001000100000000000001100101100000000100000100000000000000000000000000000000000000000000010000010000000000
000000100000100000100100000000000000000000000011111111111000000000000000000000000010000000100000000000000000000000000000000000000010000000000100100000000000000000011000000100000000000000100000000000001101000010001010000000000001000001001000
000000100000100000100100000000000000001111100101111101001000000000000000000000000010000000100000000000000000001000000000100000000010000000000100100000000000000001011000000100000000000000100010000000101101000010001010000000000001000001001000
000000100000100010100100001000000000000000000110111101001000000000000000000010000010000001100001000000000000000000000000000000000010000000000100100000000000000000011000000100000010000000100000000000001101000010001010000000010001000001001000
111111100000101001110111000001000001000110001111011101001001001000001000000000001010010010100100010001010000000001100000001001000010110001000100100000000001100101111000000100000100000000100000000000001101000010001010000000010001010001001000
101111100000101011110101000001000001000000001111101101001001001000001000000000000010010010100000010001010000000001100000001001000010100000000100100000000001100101111000000100000110000000100100000000001101000010001010010000010001000001001000
101111100000101001110101000011000001000000101111110101001001001000001000000000000010010010100000010001010000000001100000001001000010100000000100100000000001100101111000000100000100000010100000000000001101000010001010000000010001000001001000
000000100000100000100100000000000000000000000111111001001000000111100000000000000010000000100000000000000000000000000000000000000010000000000100100000000000000000011000000100000000000000100000000000001101000010001010000000000001000001001000
000000000000000000001111000000000000000000000100000001111000010000000000000000000000000000000000000000000000000000000000000000000000000000000000000000000000000000000000100000000000000000000000001000000010000000000000000000000000000000000000
000000100000100000100100000000000000000000000111111110111000000000000000000000000010000000100000000000000000000000000000000000000010000000000100100000000000000000011000000100000000000000100000000000001101000010001010000000000001000001001000
000000000000000000000000000000000000000000000100000011011000000000000000000000000000000000000000000000000000000000000000000000000000000000000000000000000000000000000001000000000000000000000000000000000000000000000000000000000000000000000000
000000010000000000000000000000100000000000000100000011101000000000000100000000000000000000000000000000000000000000100000000000000000000001000000000111100000000000000000000000000000000000000000000000000000000000000000010000000000000000000000
000000100000100000100110000000000000000000000111111111110111000000000000000010100010000000100000000000000000000000011000000000000010000000000100100000000000000000011100000100000000000000100000000000001101001110001010000000000101000001001100
000000000000000000000010000000000000000000000000000000001011000000000000000010100000000000000000000000000000000000011000000000000000000000000000000000000000000000000100000000000000000000000000000000000000001100001010000000000100000000000100
000000000000000000000010000000000000000000000000000000001101000000000000000010100000000000000000000000000000000000011000000000000000000000010000000000000000000000000100000000000000000000000000000000000000001100001010000000000100000000000100
101111000000001001110011000001000001000000001000111000001110001000001000000010100000010010000000010001010000011111111110101001000010100000000000000000000001100101100100000100000100000000000010000000000000001100001010000010010110000000000100
000000000000000000000000000000000000000000000000000000000000010000000000000000000000000000000000000001000000000000100000000000000000000000000000000000000000000000000000000000000000000000000000000000000010000000000000000000000000000000000000
000000000000000000001111000000000000000000000000000010000000100000000000000100000000000100000000000000000000000000000000000000000000000000000000000000000000000000000000100000000000000000000000001000000010000000000000000000000000000000000000
101111000000001001110001000001100001000000001000111000000001000000001000000000000000010010000000011001010100000001100000001001000010100000000000000000000001100111100000000110000100000001000000001000000000110000000100000000010001100100000100
000000000000000000000000000000000000000000000000000100000000000011100000000000000000000000000000000000000000000000000000000000000000000000000000000000000000000000000000000000000000000000000000000000000000000000000000000000000000000000000000
000011000000000000000000000000000000000000000000000100000000000101100000000000000000000000100000000000000000000000000000000000000000000000000000100000000000000000000000000000000000000000000000000000000000000000000000000000000000000000000000
000000000000000000000000000000000000000000000000000100000000000110100000000000000000000000000000000000000000000000000000000000000000000000000000000000000000000000000000000000000000000000000000000000000000000000000000000000000000000000000000
000000000001100101110000000101000000000000000000000100000000000111000001100000000000001000000000000000000001000000001000000010010000000000000000000000000000000000000000000000000000000000001000000100000000000000000000000000000100100001000100
000000000000000000000000000000000000000000000000000000000000000000001100000000000000000000000000000000000000000001000000000000000000000000000000000100000000000000100000000000000000000000000000000000000000000000000000000000000000000000000000
101111000100001011111001000001000001000001001000111000000001001000010101000000000000010010000000010001010000000001101000001011000010100000000000000100000001100101100000000100000110000000000000000000000000000000000000000000010100000000000100
000000010000000000000000000000100000000000000000000000010000000000011000000000000000000000000000000000000000000001100000000000000000000001000000000110000000000000100000000000000000000000000000000000000000000000000000000000000000000000000000
000000000000000000000000000000000000000000000000000000000000000000000001100000000000000000000000000000000100000000000000000000000000000000000000000000000000000000000000000000000000000000000000000000000000000000000000000000000000000000000000
001101100101100111011000011101010100000001000000000000000000000000101010100000000000001000001100010000000101000001001000011111111100000000000000000000000000000001000000000000000010000000100100000110000001110000000000010000010101100001000110
000000000001100000000000000101000000000000000000000000000000000000100011000000000000001100000000000000000101000000001000000010010000000000000000000000000000000000000000000000000000000000000000000100000000000000000000000000000100100001000100
000000000000000000000000000000000000000000000000000000000000000000000000001100000000000000000000000000001000000000000000000000000000000000000000000000000000000000000000000000000000000000000000000000000000000000000000000000000000000000000000
000000000000000000000000000000000000000000000000000000000000000000000000010111000000000000000000000000001000000000000000000000000000000000000000000000000000000000000000100000000000000000000000000000000000000000000000000000000000000000000000
000000000000000000000001000000000000000000000000000000000000010000000000011000000000000100000000100000001000000000000000000000000000000000000000000000000000000000000000000000000000000000000000000000000010000000000000000000000000000000000000
000000000000000010000010001000000000000000000001000000001111000000000000001001100000000001000001000000000000000000011000000000000000000000000000000000000000000000000100100000000010000000000000000000000000001100001010000000010100000000000100
000000000000000000000000000000000000000000000000000000000000000000000000001010000000000000000000000000000000000000000000000000000000000000000000000000000000000000000000100000000000000000000000000000000000000000000000000000000000000000000000
000000000000000000000010000000000000000000000000000000001111000000000000000010000000000000000000000000000000000000011000000100000000000000000000000000000000000000000100000000000000000000000000000000000000001100001010000000000100000000000100
000000000000100000000000000000000000000000010000000000000000000000000000000000001000000000000000000000000000000000000000000000000000010000000000000000000000000000000000000000111111000000000000000000000000000000000000000000000000000000000000
011000000000100000010010000000000000000110011000100000000000000000000000000000010000010010000100010000010000000000000000000000000000010001000100000000000000000000100000000000111111000000000000000000000000000000000000000000000000010000000000
000000000000000000000000000000010000000000000000000000000000000000000000000000000010000000000000000000000000000000000000000000000000000000000000000000000000000000000000000000000000000000000000000000000000000000000000000000000000000000000000
000000100000100000100100000000010000000000000111111101001000000000000000000000000100000000100000000000000000000000000000000000000010000000000100100000000000000000011000000100000000000000100000000000001101000010001010000000000001000001001000
000000000000000000000000000000000000000000000000000000000000000000000000000000000000000000000000000000000000000000000000000000000000000000000000000000000000000000000000000000000000000000000000000000000000000000000000000000000000000000000000
000000000000000000000000000000000000000000000000000000000000000000000000000000000000010000000000000000000000000000000000000000000000000000000000000000000000000000000000100000000000000000000000000000000000000000000000000000000000000000000000
111111000000001001110011000001000001000110001000111000000001001000001000000000001000100010000100010001010000000001100000001001000010110001000100000000000001100101100000100100000100000000000000000000000000000000000000000000010000010000000000
000000000001100000000000000101000000000000000000000000000000000000100001100000000000000100000000000000000001000000001000000010010000000000000000000000000000000000000000000000000000000000000000000100000000000000000000000000000100100001000100
000000000000000000000000000000000001000000000000000000000000010000000000100100000000001000000000100000000000000000000100000000000000000000000000000000000000000000000000000000000000000000000000000000000010000000000000000000100000000000000000
111111000000001001110011000001000001000110101000111000000001001000001000000000001000010000000100010001011100000001100000001001000010110101001110000000000001100101110000001110000100000000000000000000000000000000000000000000010000010000000000
000000000000000010000000001000000000000000000001000000000000000000000000000010000000000000100001000000000000000000000000000000000000000000000000000000000000000000000000000000000010000000000000000000000000000000000000000000010000000000000000
000011100000100000100100000000000000000000000111111101001000000010000000000000000010000001000000000000000000000000000000000000000010000000000100100000000000000000011000000100000000000000100000000000001101000010001010000000000001000001001000
000000000000000000000000000000000000000000000000000000000000000000000000000000000000000000001111000000000000000000000000000000000000000000000000000000000000000000000000000000000000000000000000000000000000000000000000000000000000000000000000
001001100000000000010000000001010000000001000000000000000000000000000001000000000000000000010111000000000000000000000000000011000000000000000000000000000000000001000000000000000000000000000000000010000000000000000000000000000000000000000000
011001100000000000010010000001010001000111101000100000000000000000000001000000001000010010011011010000010001000000000000000011000000010001000100000000000000000001100000000000000000000000000000000110000000000000000100010000000001010100000000
000000000000000000000000000000000000000000000000000000000000000000000000000000000000000000011101000000000000000000000000000000000100000000000000000000000000000000000000000000000000100000000000000000000000000000000000000000000000000000000000
000000000000000010000000001000000000000000000001000000000000000000000000000010000000000001011110000000000000000000000000000000000000000000000000000000000000000000000000000000000010000000000001000000000000000000000000000000010000010000000000
000000000000000000000001000000000000000000000000000000000000000000000000000100000000000100000000000000000000000000000100000000000000000000000000000000000000000000000000000000000000000000000000000000000000000000000000000000100000000000000000
111111000100001011111011000001000001000111001000111000000001001000001001000000001000010010000100000001010000000001101000001011000010110001000100000000000001100101100000000110000110000000000000000000000000000000000000000000010100110000000100
000000000000000000000000000000100000000000000000000000000000001000000000000000000000000000000000000000000100000000000000000000000000000000000000000000000000000000000000000000111111000000000000100000000000000000000000000000000000000000000100
000000000000000000000000000000000000000000000000000000000000000000000000000000000000000000000000000010000000000000000000000000000000000000000000000000000000000000000000000000000000000000000000000000000000000000000000000000000000000000000000
000000000000000000000000000000000000000000000000000000000000000000000000000000000000000000000000000100000000000000000000000001000000000000000000000000000111110000000000000000001000000000000000000000000000000000000000000000001000000000100010
101111000000001001110001000001000001000000001000111000000001101000001000000000000000010010000000010000010000000001100000001001000010100000000000000000000001100101100000000100000100000000000000000000000000000000000000000000010000000000000000
000000000000000000000000000000000000000000000000000000000000000000000000000000000000000000000000000000000000000000000000000000000000000000000000000000000000000000000000000000000000000000000000000000000000000000000000000000000000000000000000
111111000000001001110011000001000001000110001000111000000001001000001000000000001000010010000100010001000000000001100000001001000010110001000100000000000001100101100000000100000100000000000000000000000000000000000000100000010000010000000000
000000000000000000010000000000100000000010000000000000000000000000000000011100000000000010000000000000000100000000000000000000000000000101001010000000000000000000110000001110000000010000000000000000000000000000000000000000000000000000000000
000000000000000000010000000000100000000010000000000000000000001000000011100000000000000010000000001000001000000000000000000010000000000101001010000000000000010000110000001111000000000000000000000000000000000000000000000000000000000000000100
000000000000000000000000000000000000000000000000000000000000000000000000000000000000000000000000000000000000000000000000000000000000000000000000000000000000000000000000000000000000000000000000000000000000000000000000000000000000000000000000
000000000001100101000000000101000001000001100000000000000000000000100001100000000000001000000100000000000000000000001000011111111100000000000000000000000000000000000000010000000000000000000100000100000000000000100100010000000111100101000100
000000000000000000000000000000000000000000000000000000000000000000000000000000000000000000000000000000000000000000000000000000000000000000000000000000000000000000000000000000000000000000000000000000000000000000000000000000000000000000000000
000000000000000000000000000000000000000000000000000000000001000000000000000000000000000000000000000000000000001111111110100001000000000000000000000000000000000000000000000000000000000000000010000000000000000000000000000010000010000000000000
000000000000000000000000000000000000001111100010000000000001000000000000000000000000000000000000000000000000010111111110100001000000000000000100000000000000000001000000000000000000000000000010000000100000000000000000000010000010000000000000
000000000000000000000000000000000001000000000000000000000001000000000000000000000000000000000000000000000000011011111111100001000000000000000000000000000000000000000000000000000000000000000010000010000000000000000000000010000110000000000000
000000000000000000000000000000000000000000000000000000000001000000000000000000000000000000000000000000000000011101111110100001000000000000000000000000010000000000000000000000000000000000000010000000000000000000000000000010000010000000000000
101111000100011011111001000011000001000001001000111000000001001000011101000000000000010010000000010001010000011110111110101011000010100000000000000100000001100101100000000100000110000010000010000000000000000000000000000010010110000000000100
101111010000001001110001000001100001000000001000111000010001101000001100000000000000010010000000010001010000011111011110101001000010100001000000000110000001100101100000000100000100000000000010000000000000000000000000000010010010000000000000
000000000000000000000010000000000000000000000000000000001111000000000000000010100000000000000000000000000000011111101110100101000000000000000000000000000000000000000100000000000000000000000010000000000000001100001010000010000110000000000100
000100000101100010001010000101000001000001000000000000001111000000101001100010100000001000000000010000000001011111110111100011010000000000000000000000000000000000000100000000000010000000000010000110000000001100001010000010010110100001000100
000000000000000000000000000000000000000000000000000000000001000000000000000000000000000100000000100000000000011111111010100001000000000000000000000000000000000000000000000000000000000000000010000000000000000000000000000010100010000000000000
000000000000000000000000000000000000000000000000000000000001000000000000000000000000000000000000000000000000011111111100100001000000000000000000000000000000000000000000000000000000000000000010000000000000000000000000000010000010000000000000
000000000000000000000000000000000001000000000000000000000000000000000000000000000000000000000000000000000000000100001000100000000000000000000000000000000000000000000000000000000000000000000000000010000000000000000000000000000100000000000000
000000000000000000000000000000000001001111100010000000000001000000000000000000000000000000000000000000000000011111111111000001000000000000000100000000000000000001000000000000000000000000000010000010100000000000000000000010000110000000000000
000000000000000101000000000000000000000000000000000000000000000000000001000000000000000000000000000000000001000000000000001111111100000000000000000000000000000000000000000000000000000000000100000100000000000000000000000000000000000000000000
101111000000001101110001000001000001000000001000111000000001001000001001000000000000010010000000010001010001000001100000010111111110100000000000000000000001100101100000000100000100000000000100000100000000000000000000000000010000000000000000
000000000000000101000000000000000000000000000000000000000000000000000001000000100000000000000000000000000001000000010000011011111100000000000000000000000000000000000000000000000000000000000100000100000000000000000000000000000000000000000000
001101100101100111011000000101010000000001000000000000000000000000101001100000000000001000001100010000000101000001001000011101111100000000000000000000000000010001000000000001000010000000000100000110000000000000000000000000010100100001000100
101111100000001101110001000001010001000001001000111000000001001000001001000000000000010010001100010011010001011111111110111110111110100000000000000000000111110101100000000100001100000000000110000110000000000000000000000010011010000000100010
000000000000000101000000000000000000000000000000000000000000000000000001000000000000000000000000000000000001000000000000011111011100000000000000000000000000000000000000000000000000000000000100000100000000000000000000000000000000000000000000
000000000001100101000000000101000000000000000000000000000000000000100001100000000000001000000000000000000001000000001000011111101100000000000000010000000000000000000000000000000000000000000100000100000000000000000000000000000100100001000100
000000000000000101000000000000000000000000000000000000000000000000000001000000000000000000000000000000000001000000000000011111110100000000000000000000000000000000000000000000000000000000000100000100000000000000000000000000000000000000000000
000000000000000101000000000000000000000000010000000000000000000000000001000000000000000000000010000000000001000000000000011111111000000000000000000000000000001100000000000000000001100000000100000100000000000000000000000000000000000000000000
101111100000101001110101000001000001000000001111111101001001001000001000000000000010010010100000010001010000000001100000001001000000100000000100100000000001100101111000000100000100000000100000000000001101000010001010100000010001000001001000
000000000000000000000000000000000000000000000000000000000000000000000000000000000000000000000000000000000000000000000000000000000000110000000000000000000000000000000000000000000000000000000000000000000000000010000000000000000000000000000000
101111000000001001110001000001000001000000001000111000000001001000001000000000000000010010000000010001010000000001100000001001000011010000000000000000000001100101100000000100000100000000000000000000000000000010000000000000010000000000000000
011000000000100000010010000000000000000110011000100000000000000000000000000000011000010010000100010000010000000000000000000000000001100001000100000000000000000000100000000000111111000000000000000000000000000010000000000000000000010000000000
000000000000000000000000000000000000000000000000000000000000000000000000000000000000000000000000000000000000000000000000000000000000000100000010000000000000000000000000000000000000000000000000000000000000000000000000000000000000000000000000
000000000000000000010000000000000000000010000000000000000000000000000000000000000000000010000000000000001100000000000000000000000000001001001010000000000000000000110000001110000000000000000000000000000000000000000000000000000000000000000000
000000000000000000000000000000000000000000000000000000000000000000000000000000000000000000000000000000000000000000000000000000000000000000000000000000000000000000000000000000000000000000000000000000000000000000000000000000000000000000000000
011000010000000000010010000000100000000110001000100000010000000000000100000000001000010010000100010000011100000000100000000000000000010100001110000110000000000000110000001110000000000000000000000000000000000000000000000000000000010000000000
000000000000000000000000000000000000000000000000000000000000000000000000000000000000000000000000000000000000000000000000000000000000000000000000000000000000000000000000000000000001000000000000000000000000000000000000000000000000000000000000
000000000000000000000000000000000000000000000000000000000010000000000000000000000000000000000000000000000000000000000000000000000000000000001110000000000000000000000000000000000000000000000000000000000000000000000000000000000000000000000000
000000000000000000010000000000000000000010000000000000000000000000000000000000000000000010000000000000001100000000000000000000000000000101010110000000000000000000110000001110000000000000000000000000000000000000000000000000000000000000000000
011000100000100000110110000000000000001111101111111101001000000000000000000000001010010010100100010000010000001000000000100000000010010001011010100000000000000001111000000100000000000000100010000000101101000010001010000000000001010001001000
000000000000000000010000000000000000000010000000000000000000000000000000000000000000000010000000000000001100000000000000000000000000001101011100000000000000000000110000001110000000000000000000000000000000000000000000000000000000000000000000
000000000000000000000000000000000000000000000000000000000000000000000000000000000000000000000000000000000000000000000000000000000000000000000000000000000000000000000010000000000000000000000000000000000000000000000000000000000000000000000000
000011100000100000100100000000000000000000000111111101001000000010000000000000000010000000100000000000000000000000000000000000000010000000000100000000000000000000011000000100000000000000100000000000001101000010001010000000000001000011111001
000000000001000000000000000000000000000000000000000000000000000000000000000000000000000000000000000000000000000000000000000000010000000000000000000000000000000000000000000000000000000000000000000000000000000000000000000000000000000000000000
000000000000000000000000000000000000000000000000000000000000000000000000000000000000000000000000000000000000000000000000000000000000000000000000000000000000000000000000000000000000000000000000000000000000000000000000000000000000000000000000
000000010000000000000000000000100000000000000000000000010000000000011100000000000000000000000000000000000000000001100000000000000000000001000000000010000000000000100000000000000000000000000000000000000000000000000000000000000000000000000000
000000010000000000000000000000100000000000000000000000010000000000000100000000000000000000000000000000000000000000100000000000000000000001000000000101100000000000000000000000000000000000000000000000000000000000000000010000000000000000000000
000000000000000000000000000000000000000000000000000000010000000000000000000000000000000000000000000000000000000000000000000000000000000000000000000010100000000000000000000000000000000000000000000000000000000000000000010000000000000000000000
000000000000000000000000000000000000000000000000000000010000000000000000000000000000000000000000000000000000000000000000000000000000000000000000000011000000000000000000000000000000000000000000000000000000000000000001110000000000000000000001
000000000000000000000000000000000000000000000000000000000000000000000000000000000000000000000000000000000000000010000000000000000000000000000000000000000000000000000000000000000000000000000000000000000000000000000000000000000000000000000000
000000000000000000000000000000000000000000000000000000000000000000000000000000000000000000000000000000000000000000000000000000000000000000000000000000000000000000000000000000000000000000000000000000000000000000010000000000000000000000000000
000000000000000000000000000000000000000000000000000000000000000000000000000000000000000000000000000010000000000000000000000001000000000000000000000000000011110000000000000000001000000000000000000000000000000000000000000000001000000000100010
000000000000000000000000000000000000100000000000000000000000000000000000000000000000000000000000000010000000000000000000000001000000000000000000000000000101110000000000000000001000000000000000000000000000000000000000000000001000000000100010
101111000000001001110001000001000001000000001000111000000001001000001000000000000000010010000000010011010000000001100000001001000010100000000000000000000110110101100000000100001100000000000000000000000000000000000000100000011000000000100010
101111000000001001110001000001000001000000001000111000000001001000001000000000000000010010000000010011010000000001100000001001000010100000000000000000000111010101100000000100001100000000000000000000000000000000000000000000011000000000100010
000000000000000000000000000000000000000000000000000000000000000000000000000000000000000000000000000010000100000000000000000011000000000000000000000000000111100000000000000001001000000000000000000000000000000000000000000000001000000000100010
000000000000000000000000000000000000000000010000000000000000000000000000000000000000000000000000000000000000000000000000000000000100000000000000000000000000000100000000000000000001000000000000000000000000000000000000000000000000000000000000
101111000000001001110001000001000001000000011000111000000001001000001000000000000000010010000000010001010000000001100000001001000110100000000000000000000001101001100000000100000101000000000000000000000000000000000000000000010000000000000000
000000000000000000000000000000000000000000000000000000000000001000000000000000000000000000000000000000000000000000000000000000000000000000000000000000000000000001000000000010000100000001000000001000000000110000000000000000000001100100000000
101111100000001001110001000001010001001111101010111000000001001000001001000000000000010010001100010001010000001001100000101011000010100000000100000000000001100110100000000110000100000001000010001010100000110000000000000000010001100100000000
111111000000001001110011000001000001000110001000111000000001001000011100000000001000010010000100010001011100000001100000001001000010110101001110000100000001100101010000001110000100000000000000000000000000000000000000000000010000010000000000
000000100000100000110100000000000000000010000111111101001000000000000000000000000010000010100000000000001100000000000000000000000010000101001110100000000000000000101000001110000000000000100000000000001101000010001010000000000001000001001000
000000100000100000100100000000000000000000000111111101001000000000000000000000000010000000100000000000000000000000000000000000000010000000000100100000000000000000010000000100000000000000100000000000001101000010001010000000000001000001001000
000000000000000000000010000000000000000000000000000000001111000000000000000010100000000000000000000000000000000000011000000000000000000000000000000000000000000000000000000000000000000000000000000000000000001100001010000000000100000000000100
000000000000000000000000000000000000000000000000000000000000000000000000000000000000000000000000000000000000000000000000000000000000000000000001000000000000000000000001000000000000000000000000000000000000000000000000000000000000000000000000
000000000000000000000000000000000000000000000000000000100000000000000000000000000000000000000000000000000000000000000000000000000000000000000000000000000000000000000010000000000000000000000000000000000000000000000000000000000000000000000000
000000000000000000001111000000000000000000000000000010000000010000000000001011000000110000000000000000000000000000000000000000000000000000000000000000000000000000000000000000000000000000000000001000000010000000000000000000000000000000000000
000000000000000000000000000000000000000000000000000000000000000000000000000000000000000000000000000000000001000000000000000000000000000000000000000000000000000000000000000000000000000000000000000100000000000000000000000000000010100000000000
000000000000000000010000000000000000000010000000000000000000000000000000000000000000000010000000000000001100000000000000000000000000000101001010000000000000000000110000000110000000000000000000000000000000000000000000000000000000000000000000
101111100000101011110101000001000001000010001111111101001001001000001000000000000010010010100000010001011100000001100000001001000010100101001110100000000001100101111000001010000110000000100100000000001101000010001010010000010001000001001000
000000000000000000010000000000000000000010000000000000000000001000000000000000000000000010000000010000001100000000000000000000000000000101001010000000000000000011110000001100000100000001000000001000000000110000000000000000000001100100000000
000000000000000000000000000000000000000000000000000000000000000000000000000000000000000000000000000000000100000000000000000010000000000000000000000000000000010000000000000000000000000000000000000000000000000000000000000000000000000000000000
000000000000100000000000000000000000000000010000000000000000000000000000000000011000000000000000001000000000000000000000000000000000010000000000000000000000000000000000000000011111000000000000000000000000000000000000000000000000000000000000
000000000000100000000000000000000000000000010000000000000000000000000000000000011000000000000000001000000000000000000000000000000000010000000000000000000000000000000000000000101111000000000000000000000000000000000000000000000000000000000000
000000000000100000000000000000000000000000010000000000000000000000000000000000011000000000000000001010000000000000000000000001000000010000000000000000000111110000000000000000110111000000000000000000000000000000000000000000001000000000100010
101111000000101001110001000001000001000000011000111000000001001000001000000000011000010010000000011001010000000001100000001001000010110000000000000000000001100111100000000110111011000001000000001000000000110000000000000000010001100100000000
000100000100101010001000001000000000000001010001010000000000000000001001000010011000000001000001011000000000000001001000000010000000010000000000000000000000000000000000000100111101000000000100000000000001000000000000010000010100000000000100
000000000000100000000000000000000000000000010000000000000000000000000000000000011000000000000000001000000000000000000000000000000100010000100000000000000000001100000000000000111110000000000000000000000000000000000000000000000000000000000000
000000000000000000000000000000000000000000000000000000000000000000000000000000000000000000000010000000000000000000000000000000000100000000000000000000000000000000000000000000000000000000000000000000000000000000000000000000000000000000000000
000000000000000000000000000000000000000000000000000000000000000000000000000000000000000000000000000000001000000000000000000000000000000000000000000000000000000000000000000000000000000000010000000010000000000000000000000000000000000000000000
000000000000000000000000000000000000000000000000000000000000000000000000000000000000000000000000000000000000000000000000000000000000000000000000000000000000000000000000000000000000000100000000000000000000000000000000000000000000000000000000
000000000000000000000000000000000000000000000000000000000000000000000000000000000000000000000000000000000000000000000000000000000000000000000000000000000000000000000000000000000000001000000000000000000000000000000000000110000000000000000000
000000000000010000000000000011000000000000100000001000000000000000000000000000000000000000000000000000000000000001000000000000000000000000000000000000000000000000000000000000000000000000000000000000000000000000001000000000000000000001000000
000000000000000000000000000000000000000000000000000000000000001000000000000000000000000000000000000000000000000000000000000000000000000000000000000000000000000011000000000010000100000000000000001000000000110000000100000000000001100100000000
000000100000100000100100011100000100000000000111111101001000000000000001000000000010000000100000000000000000000000000000000000000010000000000100100000000000000000011000000100000000000000000000000000001101110010001010010000000001100001001010
000000000000000000000000000000000000000000000000000000000000000000000000000000000000000000000000000000000000000000000000000000000000000000000000000000000000000000000000000000000000010000000000000010000000000000000000000000000000000000000000
010000000000000101110000000000000010010000000000000000000000000000100000000000000000000000000000000000000000000000000000000000000000000000000000000000000000000000000000000000000000000000000110000000000000000000000000000000000000000000000000
000000000000001111000000000000000000000000000000010000000000000000000001000000000000000000000000000000000001000000000000011111111100000000000000000000000000000000000000000100000010000000001010000100000001000000000000010000000000000000000000
000000000000000000000000000000000000001111100010000000000001000000000000000000000000000000000000000000000000011111111110100001000000000000000100000000000000000001000000000000000000000000001100000000100000000000000000000010000010000000000000
000000000000000000000000000000000000000000000000000000000000000000000000000000000000000000000001000000000000000000000000000000000000000000000000000000000000000000000000000000000000000000000000000000000000000000000000000000000000010000000000
000000000000000000000000000000000000000000000000000000000000000000000000000000000000000000000000001000000000000000000000000000000000000000000000000000000000000000000000000000000000000000000000000000000000000000000000000000000000000000000000
000000000000000000000000000000000000000000000000000000000000000000000000000000000000000000000000000000000000000000000000000000000000000000000000000000000000000000000000000000000000000000000000000000000000000000000000000000000000000000000000
000000000000000000001111000000000000000000000000000010000000011000000000000000000000000000000000000000000000000000000000000000000000000000000000000000000000000011000000100010000100000001000000000100000010110000000000000000000001100100000000
000000000001100101000000000101000001000001100000000000000000000000100001100000000000001000000100000000000001000000001000011111111100000000000000000000000000000000000000010000000000000000000100001000000000000000000100010000000111100101000100
001001100000000000010000000001010001000001000000000000000000000000000001000000000000000000001100000000000000000100001001100011000000000000000000000000000000000001000000000000000000010000010000000000000000000000000000000000000100000000000000
000000000000000000000000000000000000000000000000000000000000000000000000000000000000000000000000000000000000000000000000000000000000000000000000000000000000000000000000000000000000000000000000000000111110000000000000000000000000000000000000
000000000000000000000000000000000000001111100010000000000000000000000000000000000000000000000000000000000000001000000000100000000000000000000100000000000000000001000000000000000000000000000010000001011110000000000000000000000000000000000000
000000000000000000000000000000000000000000000000000000000000000000000000000000000000000000000000000000000000000000000000000000000000000000000000000000000000000000000000000000000000000000000000000001101110000000000000000000000000000000000000
000000100000100000100100000000000000000000000111111101001000000000000000000000000010000000100000000000000000000000000000000000000010000000000100100000000000000000011000000100000000000000100000000001110111000010001010000000000001000001001000
000000100010100000100100000000000000000000000111111101001000000000000000000000000010000000100000000000000000000000000000000000000010000000000100100000000000000000011000000100000000000000100000000001111011000010001010000000000001000001001000
000000000000000000001111000000000000000000000000000010000000110000000000000100000000000100000000000000000000000000000000000000000000000000000000000000000000000000000000100000000000000000000000001001111100000000000000000000000000000000000000
000000100000101010100100011100000100000000000111111101001000000000000001000000000010000000100000000000000000000000000000000000000010000000000100100000000000000000011000000100000010000000100100000000001100110010001010010000000001100001001010
000000000000000000000000011100000100000000000000000000000000001000000001000000000000000000000000000000000000000000000000000000000000000000000000000000000000000011000000000010000100000001100000001000000001010000000000010000000001100100000010
000000000000000000000000011100000100000000000000000000000000001000000001000000000000000000000000000000000000000000000000000000000000000000000000000000000000000011000000000010000100000001100000001000000001100000000000010000000001100100000010
000000000000000000000010000000000000000000000000000000001111000000000000000010100000000000000000000000000000000000011000000000000000000000000000000000000000000000000100000000000000000000000000000000000000000100001010000000000100000000000100
000000000000000000000010000000000000000000000000000000001111000000000000000010100000000000000000000000000000000000011000000000000000000000000000000000000000000000000100000000000000000000000000000000000000001000001010000000000100000000000100
000000100000100000100100000000000000000000000111111101001000000000000000000000000010000000100000000000000000000000000000000000000011110000000100100000000000000000011000000100000000000000100000000000001101000000001010000000000001000001001000
000000000000000000000000000000000000000000000000000000000000000000000000000000000000000000000000000000000000000000000000000000000000000000000000000000000000000000000000000000000000000000000000000000000000000000000000000000000000000000000000
000000000000000000000000000000000000000000000000000000000000000000000000000000000000000000000000000000000001000000000000000000000000000000000000000000000000000000000000000000000000000000000000000000000000000000011110000000000000000000000000
000000000000000000000000000000000000000000000000000000000000000000000000000000000000000000000000000000000000000000000000000000000000000000000000000000001000000000000000000000000000000000000000000000000000000000101110000000000000000000000000
000000100000100000100110000011000000000000100111111101001111000000000000000010100010000000100000000000000000000000011000000000000010000000000100100000000000000000011100000100000000000010100000000000001101001110110110000000000101000001001100
000000000000000000000000000000000001000001100000000000000000001000000000000000000000000000000100000000000001000000000000000000000000000000000000000000000000000000000000000000000000000001000000000100000000000000111010010000000001000100000000
000000100000100000100110000000000000000000000111111101001111000000000000000010100010000000100000000000000000000000011000000000000010000000000100100000000000000000011100000100000000000000100000000000001101001110111100000000000101000001001100
000000000000000000000000000000000000000000000000000000000000000000000000000000000000000000000000000000000000000000000000000000000000000000000000000000100000000000000000000000000000000000000000000000000000000000000000100000000000000000000001
000000000000000000100000000000000000000000000000000000000000000000000000000000000000000000000000000000010000000000000000000000000010000000000000000000100001000000000000000000000000000000000000000000000000000000000001000000000000000000000001
000000000000001010000000011100000101000001100000010000010000000000000001000000000000000000000100000000000001000000000000000000000000000000000000000011100000000000000000000100000010000000100100000100000001110000000100000000000001100100000010
000000000000000000000000000000000000000000000000000000000000000000000000000000000000000000000000000000000000000000000000000000000000000000000000000000000000000000000000000000000000000000000000000000000000000000000000000000000000000000000000
000000000000000000000000000000000000000000000000000000000000000000000000000000000000000000000000000000000000000000000000000000000000000000000000000000000000000000000000000000000000000100000000000000000000000000000000000010000000000000000000
000000000000000000000000000000000000000000000000000000000001000000000000000000000000000000000000000000000000011111111110100001000000000000000000000000000000000000000000000000000000000100000010000000000000000000000000000100000010000000000000
000000000000000000000000000000000000000000000000000000000000000000000000000000000000000000000000000000000000000000000000000000000000000000000000000000000000000000000000000000000000000000000000000000000000000000000000000000111000000000000000
000000000000000000000000000000000000000000000000000000000000000000000000000000000000000100000000100000000000000000000100000000000000000000000000000000000000000000000000000000000000000000000000000000000000000000000000000001011000000000000000
101111000100001011111001001001000001000001001001111000000001001000001001000010000000010011000001010001010000000001101000001011000010100000000000000000000001100101100000000100000110000000000000000000000000000000000000000001101100000000000100
010000000000000000000000000000000000000000000000000000000000000000000000000000000000000000000000000010000000000000000000000001000000000000000000000000000111110000000000000000001000000000000000000000000000000000000000000001110000000000100010
000100000101100010001010000101000001000001000000000000001111000000101001100010100000001000000000010000000001000101011001100010010000000000000000000000000000000000000100000000000010000000000000000110000000001100001010000000010000100001000100
000000000000000000000000000000000000000000000000000000000001000000000000000000000000000000000000000000000001011111111110100001000000000000000000000000000000000000000000010000000000000000000010000100000000000000000000000010000000100000000000
000000100000100000100100011100000101000001100111111101001000001000000001000000000010000000100100000000000001000000000000000000000010000000000100100000000000000011011000000110000100000001100000001100001101110010001110010000000000100101001010
000000000001100000000000011101000100000000010000000000000000001000100001100000000000001000000000010000000001000000001000000010010000000000000000000000000000000011000000010010000100000001100000001100000001110000000000010000000111000101000110
011000000000000000010010000000000000000110001000100000000000000000000000000000001000010010000101010000010000000000000000000000000000010001000100000000000000000000100000000000000000000000000001000000000000000000000000000000000000000000000000
000000000000000000000000000000000000000000000000000000000000000000000000000000000000000000000000000000000000000000000000000000000000000000000000000000000000000000000000000000000000000000000000000000000000000000000000000000000000000000000000
000000000000000000000000000000000001000001100000000000000000001000000000000000000000000000000100000000000001000000000000000000000000000000000000000000000000000011000000000010000100000001000000001100000000110000000100010000000001100000000000
000000000000000000000000000000000000000000000000000000000000000000000000000000000000000000000000000000000000000000000000000000000000000000000000100000000000000000000000000000000000000000000000000000000000000000000000000000000000000000111001
000000100001100000100100000111000000000000100111111101001000000000100001100000000010001000100000000000000001000000001000000010010010000000000100100000000000000000011000000100000000000010100000000100001101000010001010000000000101100000001100
000000000000000000000000000000000000000000000000000000000000000000000000000000000000000000000000000010000000000000000000000001000000000000000000100000000111110000000000000000001000000000000000000000000000000000000000000000001000000010011011
000000000000000000000000000000000000000000000000000000000000000000000000000000000000000000000000000000000000000000000000000000000000000000000000100000000000000000000000000000000000000000000000000000000000000000000000000000000000000010101001
000000100000100000100100000000000000000000000111111101001000000000000000000000000010000000100000000000000000000000000000000000000010000000000100100000000000000000011000000100000000000000100000000000001101000010001010000000000001000011110001
000100000101100010001010000101100000000001000000000000001111001000101001100010100000001000000000011000000101000001011000000010010000000000000000000000000000000000000100000000000010000000000000000100000000001100001010000000010100100001000000
000000000000000000000000011100000100000000000000000000000000000000000001000000000000000000000000000010000000000000000000000001000000000000000000000000000111110000000000000000001000000000100000000000000001110000000000010000001001100000100000
000000000000000000000000000000000000000000000000000000000000000000000000000000000000000000000000000000000000000000000000000000000000000000000000100000100000000000000000000000000000000000000000000000000000000000000001100000000000000010111000
