0011100000000001000000001000010100000000000000
0000000000100001000000001000000000000000100000
1001100100000001000000001000010100000000000001
1010100000000001000000001000010100000000000000
1011010000000001000000001000010100000000000000
0000100000000011000000000000000000000010001000
0000000000000000000000000000000000000000000000
0010000000000000000000000000000000000000000001
0000000000000000000000000000000000000000000000
0000000000000000000000000000000000000000000000
0100000000000001110000001000000000000000010001
0000000000001000000000000000000000000000000100
0000000000010000000000000000000000000000000101
0000000000000000000000000000000000000000000000
0000010000000001100000000000000000000010001000
1111110000100010000000001000010100000010001000
0000000000100010000000000000000000000000000000
0000000000100000000000000000000000000000010001
0000000000000000000000000000000000000000000000
0000000000000000000000000000000000000000000000
0000000000000000000000000000000000000000000000
0000000000000000000000000000000000000000000000
0000000000000000000000000000000000000000000000
0000000000000000000000000000000000000000000000
1111100000100001000000000000010100000000000000
0000000000000000000000000000000000000000000000
0000000000000000000000000000000000000000000000
0000000000000000000000000000000000000000000001
0000000000000000000000000000011000000000000000
1011100000000001000000001000101100000000000000
0000000000000000000000000000110000000000000000
1011100000000001000000001000010000000000001000
0000000000000000000000000000000000000000000000
0000000000000000000000000000000000000000000000
0000000000000000000000000000000000000000000000
0000000000000000000000000000000000000000000000
0000000000000000000000000000000000000000000000
0000000000000000000000000000000000000000000000
0000010000000011000000000000000000000000001000
0000000000000000000000000000000000000000000000
0100000000000000000000000000000000000000000000
0000000000100000010000000000000000000000000001
0000010000000011000000000000000100000010000000
0000000000011000000000000000000000000000000000
0000000000000000000000000000000000000000000000
0010000100101000010000000001000000000000010000
