0011100000000001000001000001000000011000000100001000000001010000000000000000
0000000000010000000101000000000000011000000000000100000000000000001000000000
1001100100000001000001000001000000011000000100001000000001010000000000000010
1010100000000001000001000001000000011000000100001000000001010000000000000000
1011010000000001100001000001000000011000000100001000000001010000000000000000
0000100000000001100011100000000000000000000000000000000000000100000000100000
0000000000000000000000000000000000000000000000000000000000000000000000000000
0010000000000000000000000001000000000000000000000000000000000000000000000010
0000000000000000000000000000000000000000000000000000000000000000000000000000
0000000000000000000000000000000000000000000000000000000000000000000000000000
0000000000000000000000000000000000000000001111110000000000000000001000000000
0100000000000000000101011000000000011000000000000100000000000010000011000010
0000000000000000000000000000000000000000000000000000000000000000000000000000
0000000000000010000000000000000000000000000000000000000000000000000000001000
0000000000000101000000000000000000000000000000100000000000000000000000001010
1011110000000010100001000001000000011000000100101000000001010000000000000010
0000110000000001000000000000000001000000000000000000000000000000000000000000
0000000000000000000000000000000000000000000000000000000010000000000000000000
0000000000000000000100000000000000000000100000000000000000000000000000000000
0100000000010000001001000000000000011000100000000100000000000000000000000000
0000010000000000000001110000000000000000000000000000000000000100000000100000
1111110000010001000110100001000000011000000100001100000001010100000000100000
0000010000000000000011000100000000000000000000000000000000000100000000100000
0000000000010000000010000000000000000000000000000000000000000010000010000000
0000000000010000000000000000000000000000000000000000000000000000000001000010
0000000000000000000000100000000000000000000000000000000000000000000000000000
0000000000000000000000000001000000000000000000000000100000000000000000000000
1011100100000001000001000010000000011000000100001000100001010000000000000010
0000000000000000000000000000000000000000000000000000000000000000000000000000
0000000000000000000000000000001100000000000000000000000000000000000000000000
0000000000000000000000000000010100000000000000000000000000000010000000000000
0000000000000000000000000000011000000000000000000000000000000000000000000000
0000000000000000000000000000000000000000000000000000000000000000100000000000
0000000000000000100000000000000000000000000000000000000000000000000000000000
0000000000000000000000000000000000000000000000000000000000000000000000000000
1111100000010001000101000001000000001000000100001100000001010010000000000000
1111100000010001000101000001000000010000000100001100000001010000000000000000
0000000000000000000000000000000000000000000000000000000000000000000000000000
0000000000000000000000000000000000000000000000000000000000000000000000000000
0000000000000000000000000000000000000000100000000000000000000000000000000001
0000000000000000001100000000000000000001000000000000000000000000000000000001
0000000000000000000000000000000000000000000000000000000000000000000000000010
0000000000100000000000000000000000000000000111110000000000000000000000000000
1011100000100001000001000001000000011000001011111000000001010000000000000000
0000000000100000000000000000000000000000001101110000000000000000000000000000
0000000000100000000000000000000000000000001110110000000000000000000000000000
0000000000100011000000000000000000000000001111010000000000000000000000000010
0000000000100000000000000000000000000000001111100000000000000000000000000000
1011100000000001000001000001000000011000000100000000000001010000000000100000
0100000000010000000101000000000000011000000000000000100000000000000000000000
0000000000000000000000000000000000000000000000000000000000000000000000000000
0000000000000000000000000000000000000000000000000000000000000000000000000000
0000000000000000000000000011000000000000000000000100000000000000000000000000
0000000000000000000000000000000000000000000000000000000000000000000000001000
0000000000000000000000000000000000000000000000000000000000000000000000000000
0000000000000000000000000000000000000000000000000000000011000000000000000000
0000000000000000010000000000000000000000000000000000000101000000000000000000
1011100000000001000001000001000000011000000100001000000110010000000000000000
0000000000000000000000000000000000000000000000000000000000010000000000000000
1011100000000001000001000001000000011000000100001000000001100000000000000000
0000000000000000000000000000000000000000000000000000000000000000000010000000
0000010000000000000011100000000000000000000000000000000000000000000000100000
0000000000010000000000010000001000010000000000000000000000000000000010000000
0000000000000000000000000000000000000000000000000000000000000000000000000001
0000000000000000000000000000000010000000000000000000000000000000000000000000
0000000000000000000000000000000000000000000000000000000000000000000000000000
0100000000100000000000000000000000000000000000000000000000000000000000000000
0000000000000000000000000000000000000000000000000000000000000000000000000000
0000000000010000000000010000000000000000000000000000000000001010000000000000
0000000000010000000000001000000000000000000000000000000000000000000000000010
0000010000000000000011100000000000000000000000001000000000000100000000000000
0000000000000000000000000000000000000000000000000000000000000000000000000000
0000000000000110000000000000000000000000000000000000010000000000000000000000
0000000000000000000000000000000000000000000000000000000000000000000000000000
0010000100010011000000001001000000000000010000100000000000000000000001000000
0000000000000000000000000000000000000001100000000000000000000001000000000000
