00111000000010011100100010000010000000010001110000000100100000100000000000000100100000001000101000000000110000000100100001010000000000000000000001100100000000010000100000000000000000000000000000000000000010000000000000000
00000000000000000101000000000100101100010001000000000000000000000000000001000100100010001000001000000000000000000000000000001000100000000000000000000000000000000000000000001000000000000000000000000000000001000010000000000
10011001000010111110100010000010000010010001110000000100100000100100000000000100100000001000101000000000110100000101100001010000000000000000000001100100000000010000110000000000000000000000000000000000000010100000000000100
10101000000010011100100010000010000000010001110000000100101000100000000000000100101000001000101000000000110000000100100001010000000000100000000001100100000000010000100000000000000000000000000000000000000010000000000000000
10110100000010011100100010100010000010010001110000000100101000100100000000000100101110001000101000000000110000000101100001010000000000100000000001100100000000010000100000000000000000000000000000000000000010000000000000000
00001000001000001100000010100000000010001111111010000000000000000100000000000000001110000000000000000000000000000001100001000000000000100000000000000001100000010000000000100000000000110100001000010000000000001000001001000
00000000000000000000000000000000000000000000000000000000000000000000000000000000000000000000000000000000000000000000000000000000000000000000000000000000000000000000000000000000000000000000000000000000000000000000000000000
00100000000000100010000000000000000010000000000000000000000000100100000000000000000000001000000000000000100100000001000000000000000000000000000000000000000000000000010000000000000000000000000000000000000010100000000000100
00000000000000000000000000000000000000000000000000000000000000000000000000000000000000000000000000000000000000000000000000000000000000000000000000000000000000000000000000000000000000010000000000000000000000000000000000000
00000000001000000000000110000000000000000000000000000000000010000100000000000010000000000000000000100000000100000001001000000000000000010000000000000000000000000000000000000000000100000000000000000000000000100100001000100
00000100010000001000000110000000000000101111111010000000000010000100000011000010001000000000000000100000000100000001001001001000000000100000000000000001100000010011110000100000000100110100001000010000000000101100001001100
00000000000000000000000000000000000000000000000000000000000000000000000000000000000000000000000000000000100000000000000000000000000000000000000000000000000000000000000000000000000000000000000000000000000000000000000000000
10111000000000111100100010000010000000010001110000000100100000100000000000000100100000001000101000000000110000000100100001010000000000000000000001100100000000010000110000000100000000000100000000000010000010000000000000000
00000000000000011100000000000000000000000000000000000000000010000100000000000000000000000000000000100000000000001111111110000000000000000000000000000000000000000000000000001100000100000000000000000000000000000000000000000
00100001000010000010000000000000000010000010100000000000000000100100010000000000010000101000000000000000100100000001000000000000000000000000000000000000000000010000010000000100000000000100000000000010000010100000000000100
10111000000011001100100010000010000000010001110000000100100010100100000000000100100000001000101000100000110000001111111111010000000000000000000001100100000000010000100000001100000100000000000000000000000010000000000000000
10111100001011010100100010000010000000011111111010000100100010100000000000000100101000001000101000000000110000000100100001010000000000100000000001100101100000010000100000101000000000110100001000010100000010001000001001000
11111100000011011001100010100010001110010001110000000100100010100100000001000100100110001000101110000000110000000101100001011010100110000000000001100101000000111000100000001000000000000000000000000000000010000010000000000
00100001000000100001100000000000000010000000000100000001000000100100000000000000000000001000000000000000100100000001000000000000000000000000000000000000000010000000010000000000001000001000000000000000000010100000000000100
01000000000000000110100000000000001100010001000100011101000000000000010101000100100010001000001000000000001100000000000000001000100000000000000000000000010010000000000000000000001000001000110000010000000000100010000000100
10111000000010011111000010000010000000010001110100000101100000100000100000000100100000011000101000000000110000000100100001010000000000000000000001100100000010010000100000000000001000001000000000000000000010000000000000000
00000000000000000000000000000000000000000000000000000000000000000000000000000000000000000000000000000000000000000000000000000000000000000000000000000000000000000000000000000000000000000000000000000000000000000000000000000
00000000000000000000000100001000000000000000000000000000000000000100000000000000000000000000000000000000000000000000000000000000000000000000000000000000000000000000000000100000000000000111000000000010000000001100000000010
00000000011000000000001010001000000000000000000000000000000010000100000000000010000000000000000000100000000100000001001000000000000000000000000000000000000000000000000000100000000100000111000000000010000000101100001000110
10111100011010011100100100100010000011010001110000000100100010100100000000000110100110001000101000100000110100000101101001010000000000000000000001100100000000010000100000000000000100000000000000000000000010100100001000100
00000000000000000000000000000000000000000000000000100000100000010000000000000000000000000100000110000000010000000000000000000000100000000110000000000000000000000000000000000000000000000000000000000000000000000000000000100
00001100000000000100000010000000000010000000000000000000000000000100000000100000000110000000000000000000000000000001100000000000000000000000000000000000000000000000000000000000000000000000000000000000000000000000000000000
00000000000000000000000000001100000000000000000000000000000000000000000000000000000000000000000000000000000000000000000000000000000000000000000000000000000000000000000000000000000000000000000000000000000000000000000000000
00000000000000000000001100010100000000000000000000000000000000000100000000000000000000000000000000000000000000000000000000000000000000000000000000000000000000000000000000100000000000000111000000000010000000001100000000010
01000000000000000000000000011000100000000000000000000000000000000000000000000000000000000000000000000000000000000000000000000000000000000000000000000000000000000000000000001000000000000000000000000000000000000000000000000
10111000000010011100100010000000000011010001110000000100100000100000000000000101100010001000101000100010110100110100100001010000000000000000000001100100000000010000100000000000000100000000000000100010000010101000100000000
00000000000000000000000000000000000000000000000000000000000000000000000000000000000000000000000000000000000000000000000000000000000000000000000010000000000000000000000000000000000000000000000000000000000000000000000000000
01000000000000000000000000000100000000000000000000000000000000000000000000000000000000000000000000000000000000000000000000000000000000000000000000000000000000000000000000001000000000000000000000000000000000000000000000000
00000000000000000000000000000000001111000100000000000000000000000000000000000000000000000000000000000100000000010000000000000000000000000000000000000000000000000000000000000010000010000000000000000000000000000000000000000
01000000000000000101000000000000010111010101000000000000000000000000000001000100100010001000001000000100000000010000000000001000100000000000000000000000000000000000000000000010000010000000000000000000000000000010000000000
01000000000000000101000000000000011011010101000000000000000000000000000001000100100010001000001110000100000000010000000000001010100110000000000000000001000000111000000000000010000010000000000000000000000000000010000000000
00101101000000100110000010100010011101000100000000000000000000100100000000000000000110001000000000100100100100010001100000000000000000000000000000000000000000000000010000000010000110000000000000100010000010101000100000100
00000000000000000000000010000010011110000100010000000000000000000000000000000000100010000000000000100100000000010000000000000000000000000000000000000000000000000000000000000010000110000000000000100010000000001000101000000
00000000001000000000000000000000000000000000000000000000000000000000000011000000000000000000000000000000000000000000000010001000000000000000000000001100000000000011110000000000000000000000000000000000000000000100000000000
11111000000010011101100010000010001100000001110000000100100000100000000001000100100010001000101000000000110000000100100001011000100000000000000001100100000000010000100000000000000000000000000000000000000010000010000000000
00000100001000001000000000000000000000000111111111100000000000000000000000000000001000000000000000000000000000000000000001000000000000100000000000000001100000010000000000100000000000110100001000010000000000001000001001000
00000100001000001000000000000000011111001011111010000000000000000000000000000000001000000000000000000100000000010000000001000000000000100000000000000001100000010000000000100010000010110100001000010000000000001000001001000
00000100001000101000000000000000000000001101111010000000000000000000010000000000011000100000000000000000000000000000000001000000000000100000000000000001100000010000010000100000000000110100001000010000000010001000001001000
11111100001010011101100010000010001100011110111010000100100000100000000001000100101010001000101000000000110000000100100001011000100000100000000001100101100000010000100000100000000000110100001000010000000010001010001001000
10111100001010111100100010000010000000011111011010000100100000100000000000000100101000001000101000000000110000000100100001010000000000100000000001100101100000010000110000100100000000110100001000010010000010001000001001000
10111100001010011100100010000010000001011111101010000100100000100000000000000100101000001000101000000000110000000100100001010000000000100000000001100101100000010000100000100000000000110100001000010000000010001000001001000
00000100001000001000000000000000000000001111110010000000011110000000000000000000001000000000000000000000000000000000000001000000000000100000000000000001100000010000000000100000000000110100001000010000000000001000001001000
00000000000000000011100000000000000000001000000011100001000000000000000000000000000000000000000000000000000000000000000000000000000000000000000000000000000010000000000000000000001000001000000000000000000000000000000000000
00000100001000001000000000000000000000001111111101100000000000000000000000000000001000000000000000000000000000000000000001000000000000100000000000000001100000010000000000100000000000110100001000010000000000001000001001000
00000000000000000000000000000000000000001000000110100000000000000000000000000000000000000000000000000000000000000000000000000000000000000000000000000000000100000000000000000000000000000000000000000000000000000000000000000
00000000000000000000000001000000000000001000000111000000000000010000000000000000000000000000000000000000010000000000000000000000100000000111100000000000000000000000000000000000000000000000000000000010000000000000000000000
00000000000000000001000000000000000000000000000000001100000000000000010100000000000000000000000000000000001100000000000000000000000000000000000000000000010000000000000000000000000000000000110000010000000000100000000000100
00000000000000000001000000000000000000000000000000010100000000000000010100000000000000000000000000000000001100000000000000000000001000000000000000000000010000000000000000000000000000000000110000010000000000100000000000100
10111000000010011101100010000010000000010001110000011000100000100000010100000100100000001000101000001111111111010100100001010000000000000000000001100100010000010000100000000010000000000000110000010000010010110000000000100
00000000000000000000000000000000000000000000000000000001000000000000000000000000000000000000100000000000010000000000000000000000000000000000000000000000000000000000000000000000000000001000000000000000000000000000000000000
00000000000000000011100000000000000000000000000100000010000000000000100000000001000000000000000000000000000000000000000000000000000000000000000000000000000010000000000000000000001000001000000000000000000000000000000000000
10111000000010011100100011000010000000010001110000000100000000100000000000000100100000001100101010000000110000000100100001010000000000000000000001100110000000011000100001000000001000000011000000100000000010001100100000100
00000000000000000000000000000000000000000000001000000000001110000000000000000000000000000000000000000000000000000000000000000000000000000000000000000000000000000000000000000000000000000000000000000000000000000000000000000
00011000000000000000000000000000000000000000001000000000010110000000000000000000001000000000000000000000000000000000000000000000000000100000000000000000000000000000000000000000000000000000000000000000000000000000000000000
00000000000000000000000000000000000000000000001000000000011010000000000000000000000000000000000000000000000000000000000000000000000000000000000000000000000000000000000000000000000000000000000000000000000000000000000000000
00000000011001011100000110000000000000000000001000000000011100000100000000000010000000000000000000100000000100000001001000000000000000000000000000000000000000000000000000001000000100000000000000000000000000100100001000100
00000000000000000000000000000000000000000000000000000000000000110000000000000000000000000000000000000000100000000000000000000000000000000100000000000000000000000000000000000000000000000000000000000000000000000000000000000
10111001000010111110100010000010000010010001110000000100100001010100000000000100100000001000101000000000110100000101100001010000000000000100000001100100000000010000110000000000000000000000000000000000000010100000000000100
00000000000000000000000001000000000000000000000000100000000001100000000000000000000000000000000000000000110000000000000000000000100000000110000000000000000000000000000000000000000000000000000000000000000000000000000000000
00000000000000000000000000000000000000000000000000000000000000000100000000000000000000000000000010000000000000000000000000000000000000000000000000000000000000000000000000000000000000000000000000000000000000000000000000000
00101101011001110110001110101000000010000000000000000000000010101000000000000010000110001000000010100000100100001111111110000000000000000000000000000000000000000000010000100100000100000111000000000010000010101100001000110
00000000000000000000000000000000000000000000000000000000000000000001100000000000000000000000000100000000000000000000000000000000000000000000000000000000000000000000000000000000000000000000000000000000000000000000000000000
00000000000000000000000000000000000000000000000000000000000000000010111000000000000000000000000100000000000000000000000000000000000000000000000000000000000010000000000000000000000000000000000000000000000000000000000000000
00000000000000000000100000000000000000000000000000000001000000000011000000000001000000010000000100000000000000000000000000000000000000000000000000000000000000000000000000000000000000001000000000000000000000000000000000000
00000000000000100001000000000000000000000010000000011100000000000001001100000000010000100000000000000000001100000000000000000000000000000000000000000000010010000000010000000000000000000000110000010000000010100000000000100
00000000000000000000000000000000000000000000000000000000000000000001010000000000000000000000000000000000000000000000000000000000000000000000000000000000000010000000000000000000000000000000000000000000000000000000000000000
00000000000000000001000000000000000000000000000000011100000000000000010000000000000000000000000000000000001100000010000000000000000000000000000000000000010000000000000000000000000000000000110000010000000000100000000000100
00000000001000000000000000000000000000100000000000000000000000000000000001000000000000000000000000000000000000000000000000001000000000000000000000000000000000000011110000000000000000000000000000000000000000000000000000000
01000000001000000101000000000000001100110001000000000000000000000000000010000100100010001000001000000000000000000000000000001000100000000000000000000000000000000011110000000000000000000000000000000000000000000010000000000
00000000000000000000000000100000000000000000000000000000000000000000000000000000000000000000000000000000000000000000000000000000000000000000000000000000000000000000000000000000000000000000000000000000000000000000000000000
00000000000000000000000000000000000000000000000000000000000000000000000000000000000000000000000000000000000000000000000000000000000000000000000000000000000000000000000000000000000000000000000000000000000000000000000000000
00000000000000000000000000000000000000000000000000000000000000000000000000000100000000000000000000000000000000000000000000000000000000000000000000000000000010000000000000000000000000000000000000000000000000000000000000000
11111000000010011101100010000010001100010001110000000100100000100000000001001000100010001000101000000000110000000100100001011000100000000000000001100100000010010000100000000000000000000000000000000000000010000010000000000
00000000011000000000000110000000000000000000000000000000000010000100000000000001000000000000000000100000000100000001001000000000000000000000000000000000000000000000000000000000000100000000000000000000000000100100001000100
00000000000000000000000000000010000000000000000000000001000000000000100000000010000000010000000000000000000010000000000000000000000000000000000000000000000000000000000000000000000000001000000000000000000100000000000000000
11111000000010011101100010000010001101010001110000000100100000100000000001000100000010001000101110000000110000000100100001011010100110000000000001100101000000111000100000000000000000000000000000000000000010000010000000000
00000000000000100000000000000000000000000010000000000000000000000000010000000000001000100000000000000000000000000000000000000000000000000000000000000000000000000000010000000000000000000000000000000000000010000000000000000
00011100001000001000000000000000000000001111111010000000001000000000000000000000010000000000000000000000000000000000000001000000000000100000000000000001100000010000000000100000000000110100001000010000000000001000001001000
00001100000000000100000010100000000010000000000000000000000000000100000000000000000011100000000000000000000000000001100000000000000000000000000000000000000000000000000000000000000000000000000000000000000000000000000000000
01001100000000000101000010100010001111010001000000000000000000000100000001000100100101101000001000100000000000000001100000001000100000000000000000000000000000000000000000000000000100000000000000100010000000001010100000000
00000000000000000000000000000000000000000000000000000000000000000000000000000000000110100000000000000000000000000000000010000000000000000000000000000000000000000000000000000000000000000000000000000000000000000000000000000
00000000000000100000000000000000000000000010000000000000000000000000010000000000010111000000000000000000000000000000000000000000000000000000000000000000000000000000010000000001000000000000000000000000000010000010000000000
00000000000000000000100000000000000000000000000000000000000000000000100000000001000000000000000000000000000010000000000000000000000000000000000000000000000000000000000000000000000000000000000000000000000100000000000000000
11111001000010111111100010000010001110010001110000000100100000100100000001000100100010000000101000000000110100000101100001011000100000000000000001100100000000011000110000000000000000000000000000000000000010100110000000100
00000000000000000000000001000000000000000000000000000000100000000000000000000000000000000000000010000000000000000000000000000000000000000000000000000000000000000011110000000000100000000000000000000000000000000000000000100
00000000000000000000000000000000000000000000000000000000000000000000000000000000000000000001000000000000000000000000000000000000000000000000000000000000000000000000000000000000000000000000000000000000000000000000000000000
00000000000000000000000000000000000000000000000000000000000000000000000000000000000000000010000000000000000000000000100000000000000000000000000111110000000000000000000000000000000000000000000000000000000001000000000100010
10111000000010011100100010000010000000010001110000000110100000100000000000000100100000001000001000000000110000000100100001010000000000000000000001100100000000010000100000000000000000000000000000000000000010000000000000000
00000000000000000000000000000000000000000000000000000000000000000000000000000000000000000000000000000000000000000000000000000000000000000000000000000000000000000000000000000000000000000000000000000000000000000000000000000
11111000000010011101100010000010001100010001110000000100100000100000000001000100100010001000100000000000110000000100100001011000100000000000000001100100000000010000100000000000000000000000000000000100000010000010000000000
00000000000000000100000001000000000100000000000000000000000000000011100000000000100000000000000010000000000000000000000000000010100110000000000000000001000000111000001000000000000000000000000000000000000000000000000000000
00000000000000000100000001000000000100000000000000000000100000001100000000000000100000000100000100000000000000000001000000000010100110000000000000010001000000111100000000000000000000000000000000000000000000000000000000100
00000000000000000000000000000000000000000000000000000000000000000000000000000000000000000000000000000000000000000000000000000000000000000000000000000000000000000000000000000000000000000000000000000000000000000000000000000
00000000011001010000000110000010000011000000000000000000000010000100000000000010000010000000000000000000000100001111111110000000000000000000000000000000000001000000000000000100000100000000000010100010000000111100101000100
00000000000000000000000000000000000000000000000000000000000000000000000000000000000000000000000000000000000000000000000000000000000000000000000000000000000000000000000000000000000000000000000000000000000000000000000000000
00000000000000000000000000000000000000000000000000000100000000000000000000000000000000000000000000000111111111010000100000000000000000000000000000000000000000000000000000000010000000000000000000000000010000010000000000000
00000000000000000000000000000000011111000100000000000100000000000000000000000000000000000000000000001011111111010000100000000000000000000000000000000000000000000000000000000010000010000000000000000000010000010000000000000
00000000000000000000000000000010000000000000000000000100000000000000000000000000000000000000000000001101111111110000100000000000000000000000000000000000000000000000000000000010000000000000000000000000010000110000000000000
00000000000000000000000000000000000000000000000000000100000000000000000000000000000000000000000000001110111111010000100000000000000000000000010000000000000000000000000000000010000000000000000000000000010000010000000000000
10111001000110111110100010000010000010010001110000000100100001110100000000000100100000001000101000001111011111010101100001010000000000000100000001100100000000010000110000000010000000000000000000000000010010110000000000100
10111000000010011100100011000010000000010001110000100110100000110000000000000100100000001000101000001111101111010100100001010000100000000110000001100100000000010000100000000010000000000000000000000000010010010000000000000
00000000000000000001000000000000000000000000000000011100000000000000010100000000000000000000000000001111110111010010100000000000000000000000000000000000010000000000000000000010000000000000110000010000010000110000000000100
00100001011000100011000110000010000010000000000000011100000010100100010100000010000000001000000000101111111011110001101000000000000000000000000000000000010000000000010000000010000100000000110000010000010010110100001000100
00000000000000000000000000000000000000000000000000000100000000000000000000000001000000010000000000001111111101010000100000000000000000000000000000000000000000000000000000000010000000000000000000000000010100010000000000000
00000000000000000000000000000000000000000000000000000100000000000000000000000000000000000000000000001111111110010000100000000000000000000000000000000000000000000000000000000010000000000000000000000000010000010000000000000
00000000000000000000000000000010000000000000000000000000000000000000000000000000000000000000000000000010000100010000000000000000000000000000000000000000000000000000000000000000000000000000000000000000000000100000000000000
00000000000000000000000000000010011111000100000000000100000000000000000000000000000000000000000000001111111111100000100000000000000000000000000000000000000000000000000000000010000010000000000000000000010000110000000000000
00000000000001010000000000000000000000000000000000000000000000000100000000000000000000000000000000100000000000000111111110000000000000000000000000000000000000000000000000000100000100000000000000000000000000000000000000000
10111000000011011100100010000010000000010001110000000100100000100100000000000100100000001000101000100000110000001011111111010000000000000000000001100100000000010000100000000100000100000000000000000000000010000000000000000
00000000000001010000000000000000000000000000000000000000000000000100000100000000000000000000000000100000001000001101111110000000000000000000000000000000000000000000000000000100000100000000000000000000000000000000000000000
00101101011001110110000110100000000010000000000000000000000010100100000000000010000110001000000010100000100100001110111110000000000000000000000000010000000000000100010000000100000100000000000000000000000010100100001000100
10111100000011011100100010100010000010010001110000000100100000100100000000000100100110001001101000101111111111011111011111010000000000000000000111110100000000010000100000000110000100000000000000000000010011010000000100010
00000000000001010000000000000000000000000000000000000000000000000100000000000000000000000000000000100000000000001111101110000000000000000000000000000000000000000000000000000100000100000000000000000000000000000000000000000
00000000011001010000000110000000000000000000000000000000000010000100000000000010000000000000000000100000000100001111110110000000000000010000000000000000000000000000000000000100000100000000000000000000000000100100001000100
00000000000001010000000000000000000000000000000000000000000000000100000000000000000000000000000000100000000000001111111010000000000000000000000000000000000000000000000000000100000100000000000000000000000000000000000000000
00000000000001010000000000000000000000100000000000000000000000000100000000000000000001000000000000100000000000001111111100000000000000000000000000001100000000000000000000000100000100000000000000000000000000000000000000000
10111100001010011100100010000010000000011111111010000100100000100000000000000100101000001000101000000000110000000100100000010000000000100000000001100101100000010000100000100000000000110100001000010100000010001000001001000
00000000000000000000000000000000000000000000000000000000000000000000000000000000000000000000000000000000000000000000000000011000000000000000000000000000000000000000000000000000000000000000001000000000000000000000000000000
10111000000010011100100010000010000000010001110000000100100000100000000000000100100000001000101000000000110000000100100001101000000000000000000001100100000000010000100000000000000000000000001000000000000010000000000000000
01000000001000000101000000000000001100110001000000000000000000000000000011000100100010001000001000000000000000000000000000110000100000000000000000000000000000000011110000000000000000000000001000000000000000000010000000000
00000000000000000000000000000000000000000000000000000000000000000000000000000000000000000000000000000000000000000000000000000010000010000000000000000000000000000000000000000000000000000000000000000000000000000000000000000
00000000000000000100000000000000000100000000000000000000000000000000000000000000100000000000000110000000000000000000000000000100100110000000000000000001000000111000000000000000000000000000000000000000000000000000000000000
00000000000000000000000000000000000000000000000000000000000000000000000000000000000000000000000000000000000000000000000000000000000000000000000000000000000000000000000000000000000000000000000000000000000000000000000000000
01000000000000000101000001000000001100010001000000100000000000010000000001000100100010001000001110000000010000000000000000001010000110000110000000000001000000111000000000000000000000000000000000000000000000000010000000000
00000000000000000000000000000000000000000000000000000000000000000000000000000000000000000000000000000000000000000000000000000000000000000000000000000000000000000000000000000000000000000000000000000000000000000000000000000
00000000000000000000000000000000000000000000000000001000000000000000000000000000000000000000000000000000000000000000000000000000000110000000000000000000000000000000000000000000000000000000000000000000000000000000000000000
00000000000000000100000000000000000100000000000000000000000000000000000000000000100000000000000110000000000000000000000000000010101010000000000000000001000000111000000000000000000000000000000000000000000000000000000000000
00000000000000000100000000000000000100000000000000000000000000000000000000000000100000000000000110000000000000000000000000000110101100000000000000000001000000111000000000000000000000000000000000000000000000000000000000000
00000000000000000000000000000000000000000000000000000000000000000000000000000000000000000000000000000000000000000000000000000000000000000000000000000000001000000000000000000000000000000000000000000000000000000000000000000
00011100001000001000000000000000000000001111111010000000001000000000000000000000001000000000000000000000000000000000000001000000000000000000000000000001100000010000000000100000000000110100001000010000000000001000011111001
00000000010000000000000000000000000000000000000000000000000000000000000000000000000000000000000000000000000000000000001000000000000000000000000000000000000000000000000000000000000000000000000000000000000000000000000000000
00000000000000000000000000000000000000000000000000000000000000000000000000000000000000000000000000000000000000000000000000000000000000000000000000000000000000000000000000000000000000000000000000000000000000000000000000000
00000000000000000000000001000000000000000000000000100000000001110000000000000000000000000000000000000000110000000000000000000000100000000010000000000000000000000000000000000000000000000000000000000000000000000000000000000
00000000000000000000000001000000000000000000000000100000000000010000000000000000000000000000000000000000010000000000000000000000100000000101100000000000000000000000000000000000000000000000000000000010000000000000000000000
00000000000000000000000000000000000000000000000000100000000000000000000000000000000000000000000000000000000000000000000000000000000000000010100000000000000000000000000000000000000000000000000000000010000000000000000000000
00000000000000000000000000000000000000000000000000100000000000000000000000000000000000000000000000000000000000000000000000000000000000000011000000000000000000000000000000000000000000000000000000001110000000000000000000001
00000000000000000000000000000000000000000000000000000000000000000000000000000000000000000000000000000001000000000000000000000000000000000000000000000000000000000000000000000000000000000000000000000000000000000000000000000
00000000000000000000000000000000000000000000000000000000000000000000000000000000000000000000000000000000000000000000000000000000000000000000000000000000000000000000000000000000000000000000000001000000000000000000000000000
00000000000000000000000000000000000000000000000000000000000000000000000000000000000000000001000000000000000000000000100000000000000000000000000011110000000000000000000000000000000000000000000000000000000001000000000100010
00000000000000000000000000000001000000000000000000000000000000000000000000000000000000000001000000000000000000000000100000000000000000000000000101110000000000000000000000000000000000000000000000000000000001000000000100010
10111000000010011100100010000010000000010001110000000100100000100000000000000100100000001001101000000000110000000100100001010000000000000000000110110100000000010000100000000000000000000000000000000100000011000000000100010
10111000000010011100100010000010000000010001110000000100100000100000000000000100100000001001101000000000110000000100100001010000000000000000000111010100000000010000100000000000000000000000000000000000000011000000000100010
00000000000000000000000000000000000000000000000000000000000000000000000000000000000000000001000010000000000000000001100000000000000000000000000111100000000000000100000000000000000000000000000000000000000001000000000100010
00000000000000000000000000000000000000100000000000000000000000000000000000000000000000000000000000000000000000000000000010000000000000000000000000000100000000000000000000000000000000000000000000000000000000000000000000000
10111000000010011100100010000010000000110001110000000100100000100000000000000100100000001000101000000000110000000100100011010000000000000000000001101000000000010000100000000000000000000000000000000000000010000000000000000
00000000000000000000000000000000000000000000000000000000100000000000000000000000000000000000000000000000000000000000000000000000000000000000000000000000000000001000100001000000001000000011000000000000000000001100100000000
00000100001000001100000000000000000100001111111010000000000000000000000000000000101000000000000110000000000000000000000001000010100110100000000000000000100000111000000000100000000000110100001000010000000000001000001001000
00000100001000001000000000000000000000001111111010000000000000000000000000000000001000000000000000000000000000000000000001000000000000100000000000000001000000010000000000100000000000110100001000010000000000001000001001000
00000000000000000001000000000000000000000000000000011100000000000000010100000000000000000000000000000000001100000000000000000000000000000000000000000000000000000000000000000000000000000000110000010000000000100000000000100
00000000000000000000000000000000000000000000000000000000000000000000000000000000000000000000000000000000000000000000000000000000000001000000000000000000000100000000000000000000000000000000000000000000000000000000000000000
00000000000000000000000000000000000000000000000001000000000000000000000000000000000000000000000000000000000000000000000000000000000000000000000000000000001000000000000000000000000000000000000000000000000000000000000000000
00000000000000000011100000000000000000000000000100000001000000000001011000001100000000000000000000000000000000000000000000000000000000000000000000000000000000000000000000000000001000001000000000000000000000000000000000000
00000000000000000000000000000000000000000000000000000000000000000000000000000000000000000000000000100000000000000000000000000000000000000000000000000000000000000000000000000000000100000000000000000000000000010100000000000
00000000000000000100000000000000000100000000000000000000000000000000000000000000100000000000000110000000000000000000000000000010100110000000000000000001000000011000000000000000000000000000000000000000000000000000000000000
10111100001010111100100010000010000100011111111010000100100000100000000000000100101000001000101110000000110000000100100001010010100110100000000001100101100000101000110000100100000000110100001000010010000010001000001001000
00000000000000000100000000000000000100000000000000000000100000000000000000000000100000001000000110000000000000000000000000000010100110000000000000000011000000110000100001000000001000000011000000000000000000001100100000000
00000000000000000000000000000000000000000000000000000000000000000000000000000000000000000000000010000000000000000001000000000000000000000000000000010000000000000000000000000000000000000000000000000000000000000000000000000
00000000001000000000000000000000000000100000000000000000000000000000000011000000000000000100000000000000000000000000000000001000000000000000000000000000000000000001110000000000000000000000000000000000000000000000000000000
00000000001000000000000000000000000000100000000000000000000000000000000011000000000000000100000000000000000000000000000000001000000000000000000000000000000000000010110000000000000000000000000000000000000000000000000000000
10111000001010011100100010000010000000110001110000000100100000100000000011000100100000001100101000000000110000000100100001011000000000000000000001100110000000011011010001000000001000000011000000000000000010001100100000000
00100001001010100010000000000000000010100010100000000000000000100100010011000000010000101100000000000000100100000001000000001000000000000000000000000000000000010011100000000100000000000100000000000010000010100000000000100
00000000000000000000000000000000000000000000000000000000000000000000000000000000000000000000000100000000000000000000000000000000000000000000000000000000000000000000000000010000000000000000000000000000000000000000000000000
00000000000000000000000000000000000000000000000000000000000000000000000000000000000000000000000000000000000000000000000000000000000000000000000000000000000000000000000010000000000000000000000000000000000000000000000000000
00000000000000000000000000000000000000000000000000000000000000000000000000000000000000000000000000000000000000000000000000000000000000000000000000000000000000000000000100000000000000000000000000000000110000000000000000000
00000000000000000000000000000000000000000000000000000000100000000000000000000000000000000000000000000000000000000000000000000000000000000000000000000010000000001000100000000000001000000011000000100000000000001100100000000
00000100001000001000001100001000000000001111111010000000000000000100000000000000001000000000000000000000000000000000000001000000000000100000000000000001100000010000000000000000000000110111001000010010000000001100001001010
00000000000000000000000000000000000000000000000000000000000000000000000000000000000000000000000000000000000000000000000000000000000000000000000000000000000000000000001000000000000000000000000000000000000000000000000000000
01000000000001011100000000000100100000000000000000000000000010000000000000000000000000000000000000000000000000000000000000000000000000000000000000000000000000000000000000000110000000000000000000000000000000000000000000000
00000000000011110000000000000000000000000000100000000000000000000100000000000000000000000000000000100000000000001111111110000000000000000000000000000000000000010000010000001010000100000100000000000010000000000000000000000
00000000000000000000000000000000011111000100000000000100000000000000000000000000000000000000000000001111111111010000100000000000000000000000000000000000000000000000000000001100000010000000000000000000010000010000000000000
00000000000000000000000000000000000000000000000000000000000000000000000000000000000000100000000000000000000000000000000000000000000000000000000000000000000000000000000000000000000000000000000000000000000000000010000000000
00000000000000000000000000000000000000000000000000000000000000000000000000000000000000000100000000000000000000000000000000000000000000000000000000000000000000000000000000000000000000000000000000000000000000000000000000000
00000000000000000000000000000000000000000000000000000000000000000000000000000000000000000000000000000000000000000000000000000000000000000000000000000000000000000000000000000000000000000000000000000000000000000000000000000
00000000000000000011100000000000000000000000000100000001100000000000000000000000000000000000000000000000000000000000000000000000000000000000000000000010000010001000100001000000000100001011000000000000000000001100100000000
00000000011001010000000110000010000011000000000000000000000010000100000000000010000010000000000000100000000100001111111110000000000000000000000000000000000001000000000000000100001000000000000000100010000000111100101000100
00000000000000000000000000000000011111000100000000000000000000000000000000000000000000000000000000000100000000010000000000000000000000000000000000000000000000000000000000000010000001111000000000000000000000000000000000000
00000000000000000000000000000000000000000000000000000000000000000000000000000000000000000000000000000000000000000000000000000000000000000000000000000000000000000000000000000000000010111000000000000000000000000000000000000
00000100001000001000000000000000000000001111111010000000000000000000000000000000001000000000000000000000000000000000000001000000000000100000000000000001100000010000000000100000000011011100001000010000000000001000001001000
00000100101000001000000000000000000000001111111010000000000000000000000000000000001000000000000000000000000000000000000001000000000000100000000000000001100000010000000000100000000011101100001000010000000000001000001001000
00000000000000000011100000000000000000000000000100000011000000000000100000000001000000000000000000000000000000000000000000000000000000000000000000000000000010000000000000000000001011110000000000000000000000000000000000000
00000100001010101000001100001000000000001111111010000000000000000100000000000000001000000000000000000000000000000000000001000000000000100000000000000001100000010000010000100100000000110011001000010010000000001100001001010
00000000000000000000001100001000000000000000000000000000100000000100000000000000000000000000000000000000000000000000000000000000000000000000000000000010000000001000100001100000001000000101000000000010000000001100100000010
00000000000000000000001100001000000000000000000000000000100000000100000000000000000000000000000000000000000000000000000000000000000000000000000000000010000000001000100001100000001000000110000000000010000000001100100000010
00000000000000000001000000000000000000000000000000011100000000000000010100000000000000000000000000000000001100000000000000000000000000000000000000000000010000000000000000000000000000000000010000010000000000100000000000100
00000000000000000001000000000000000000000000000000011100000000000000010100000000000000000000000000000000001100000000000000000000000000000000000000000000010000000000000000000000000000000000100000010000000000100000000000100
00000100001000001000000000000000000000001111111010000000000000000000000000000000001000000000000000000000000000000000000001111000000000100000000000000001100000010000000000100000000000110100000000010000000000001000001001000
00000000000000000000000000000000000000000000000000000000000000000000000000000000000000000000000000000000000000000000000000000000000000000000000000000000000000000000000000000000000000000000000000000000000000000000000000000
00000000000000000000000000000000000000000000000000000000000000000000000000000000000000000000000000100000000000000000000000000000000000000000000000000000000000000000000000000000000000000000000001110000000000000000000000000
00000000000000000000000000000000000000000000000000000000000000000000000000000000000000000000000000000000000000000000000000000000000000000000001000000000000000000000000000000000000000000000000010110000000000000000000000000
00000000000000000000000000000010000011000000000000000000100000000000000000000000000010000000000000100000000000000000000000000000000000000000000000000000000000000000000001000000000100000000000011010010000000001000100000000
00000100001000001001000000000000000000001111111010011100000000000000010100000000001000000000000000000000001100000000000001000000000000100000000000000001110000010000000000100000000000110100111011100000000000101000001001100
00000000000000000000000000000000000000000000000000000000000000000000000000000000000000000000000000000000000000000000000000000000000000000000100000000000000000000000000000000000000000000000000000000100000000000000000000001
00000000000000001000000000000000000000000000000000000000000000000000000000000000000000000000001000000000000000000000000001000000000000000000100001000000000000000000000000000000000000000000000000001000000000000000000000001
00000000000010100000001100001010000011000000100000100000000000000100000000000000000010000000000000100000000000000000000000000000000000000011100000000000000000010000010000100100000100000111000000100000000000001100100000010
00000000000000000000000000000000000000000000000000000000000000000000000000000000000000000000000000000000000000000000000000000000000000000000000000000000000000000000000000000000000000000000000000000000000000000000000000000
00000000000000000000000000000000000000000000000000000000000000000000000000000000000000000000000000000000000000000000000000000000000000000000000000000000000000000000000010000000000000000000000000000000010000000000000000000
00000000000000000000000000000000000000000000000000000100000000000000000000000000000000000000000000001111111111010000100000000000000000000000000000000000000000000000000010000010000000000000000000000000100000010000000000000
00000000000000000000000000000000000000000000000000000000000000000000000000000000000000000000000000000000000000000000000000000000000000000000000000000000000000000000000000000000000000000000000000000000000111000000000000000
00000000000000000000000000000000000000000000000000000000000000000000000000000001000000010000000000000000000010000000000000000000000000000000000000000000000000000000000000000000000000000000000000000000001011000000000000000
10111001000010111110100010000010000010010011110000000100100000100100010000000100110000101000101000000000110100000101100001010000000000000000000001100100000000010000110000000000000000000000000000000000001101100000000000100
01000000000000000000000000000000000000000000000000000000000000000000000000000000000000000001000000000000000000000000100000000000000000000000000111110000000000000000000000000000000000000000000000000000001110000000000100010
00100001011000100011000110000010000010000000000000011100000010100100010100000010000000001000000000100010101100110001001000000000000000000000000000000000010000000000010000000000000100000000110000010000000010000100001000100
00000000000000000000000000000000000000000000000000000100000000000000000000000000000000000000000000101111111111010000100000000000000000000000000000000000000001000000000000000010000100000000000000000000010000000100000000000
00000100001000001000001100001010000011001111111010000000100000000100000000000000001010000000000000100000000000000000000001000000000000100000000000000011100000011000100001100000001100110111001000110010000000000100101001010
00000000011000000000001110001000000000100000000000000000100010000100000000000010000000001000000000100000000100000001001000000000000000000000000000000010000001001000100001100000001100000111000000000010000000111000101000110
01000000000000000101000000000000001100010001000000000000000000000000000001000100100010101000001000000000000000000000000000001000100000000000000000000000000000000000000000000001000000000000000000000000000000000000000000000
00000000000000000000000000000000000000000000000000000000000000000000000000000000000000000000000000000000000000000000000000000000000000000000000000000000000000000000000000000000000000000000000000000000000000000000000000000
00000000000000000000000000000010000011000000000000000000100000000000000000000000000010000000000000100000000000000000000000000000000000000000000000000010000000001000100001000000001100000011000000100010000000001100000000000
00000000000000000000000000000000000000000000000000000000000000000000000000000000000000000000000000000000000000000000000000000000000000100000000000000000000000000000000000000000000000000000000000000000000000000000000111001
00000100011000001000000110000000000001001111111010000000000010000100000000000010001000000000000000100000000100000001001001000000000000100000000000000001100000010000000000100000000100110100001000010000000000101100000001100
00000000000000000000000000000000000000000000000000000000000000000000000000000000000000000001000000000000000000000000100000000000000000100000000111110000000000000000000000000000000000000000000000000000000001000000010011011
00000000000000000000000000000000000000000000000000000000000000000000000000000000000000000000000000000000000000000000000000000000000000100000000000000000000000000000000000000000000000000000000000000000000000000000010101001
00000100001000001000000000000000000000001111111010000000000000000000000000000000001000000000000000000000000000000000000001000000000000100000000000000001100000010000000000100000000000110100001000010000000000001000011110001
00100001011000100011000111000000000010000000000000011100100010100100010100000010000000001100000010100000101100000001001000000000000000000000000000000000010000000000010000000000000100000000110000010000000010100100001000000
00000000000000000000001100001000000000000000000000000000000000000100000000000000000000000001000000000000000000000000100000000000000000000000000111110000000000000000000000100000000000000111000000000010000001001100000100000
00000000000000000000000000000000000000000000000000000000000000000000000000000000000000000000000000000000000000000000000000000000000000100000100000000000000000000000000000000000000000000000000000001100000000000000010111000
