00111000000000010000010000010000000110000001000010000000001010000000000000000000
00000000000100000001010000000000000110000000000001000000000000000000100000000000
10011001000000010000010000010000000110000001000010000000001010000000000000000010
10101000000000010000010000010000000110000001000010000000001010000000000000000000
10110100000000011000010000010000000110000001000010000000001010000000000000000000
00001000000000011000111000000000000000000000000000000000000000100000000000100000
00000000000000000000000000000000000000000000000000000000000000000000000000000000
00100000000000000000000000010000000000000000000000000000000000000000000000000010
00000000000000000000000000000000000000000000000000000000000000000000000000000000
00000000000000000000000000000000000000000000000000000000000000000000000000000000
00000000000000000000000000000000000000000011111100000000000000000000100000000000
01000000000000000001010110000000000110000000000001000000000000010000000101000010
00000000000000000000000000000000000000000000000000000000000000000000000000000000
00000000000000100000000000000000000000000000000000000000000000000000000010001000
00000000000001010000000000000000000000000000001000000000000000000000000010001010
10111100000000101000010000010000000110000001001010000000001010000000000000000010
00001100000000010000000000000000010000000000000000000000000000000000000000000000
00000000000000000000000000000000000000000000000000000000010000000000000000000000
00000000000000000001000000000000000000001000000000000000000000000000010000000000
01000000000100000010010000000000000110001000000001000000000000000000010000000000
00000100000000000000011100000000000000000000000000000000000000100000000000100000
11111100000100010001101000010000000110000001000011000000001010100000000000100000
00000100000000000000110001000000000000000000000000000000000000100000000000100000
00000000000100000000100000000000000000000000000000000000000000010000000100000000
00000000000100000000000000000000000000000000000000000000000000000000000001000010
00000000000000000000001000000000000000000000000000000000000000000000000000000000
00000000000000000000000000010000000000000000000000001000000000000000000000000000
10111001000000010000010000100000000110000001000010001000001010000000000000000010
00000000000000000000000000000000000000000000000000000000000000000000000000000000
00000000000000000000000000000011000000000000000000000000000000000000000000000000
00000000000000000000000000000101000000000000000000000000000000010000000000000000
00000000000000000000000000000110000000000000000000000000000000000000000000000000
00000000000000000000000000000000000000000000000000000000000000000010000000000000
00000000000000001000000000000000000000000000000000000000000000000000000000000000
00000000000000000000000000000000000000000000000000000000000000000000000000000000
11111000000100010001010000010000000010000001000011000000001010010000000000000000
11111000000100010001010000010000000100000001000011000000001010000100000000000000
00000000000000000000000000000000000000000000000000000000000000000000000000000000
00000000000000000000000000000000000000000000000000000000000000000000000000000000
00000000000000000000000000000000000000001000000000000000000000000000010000000001
00000000000000000011000000000000000000010000000000000000000000000000010000000001
00000000000000000000000000000000000000000000000000000000000000000000000000000010
00000000001000000000000000000000000000000001111100000000000000000000000000000000
10111000001000010000010000010000000110000010111110000000001010000000000000000000
00000000001000000000000000000000000000000011011100000000000000000000000000000000
00000000001000000000000000000000000000000011101100000000000000000000000000000000
00000000001000110000000000000000000000000011110100000000000000000000000000000010
00000000001000000000000000000000000000000011111000000000000000000000000000000000
10111000000000010000010000010000000110000001000000000000001010000000000000100000
01000000000100000001010000000000000110000000000000001100000000000100000000000000
00000000000000000000000000000000000000000000000000000000000000000000000000000000
00000000000000000000000000000000000000000000000000000000000000000000000000000000
00000000000000000000000000110000000000000000000001000100000000000000000000000000
00000000000000000000000000000000000000000000000001001010000000000000000000001000
00000000000000000000000000000000000000000000000000000100000000000000000000001000
00000000000000000000000000000000000000000000000000000000000000000000000000000000
00000000000000000000000000000000000000000000000000000000011000000000000000000000
00000000000000000100000000000000000000000000000000000000101000000000000000000000
10111000000000010000010000010000000110000001000010000000110010000000000000000000
00000000000000000000000000000000000000000000000000000000000010000000000000000000
10111000000000010000010000010000000110000001000010000000001100000000000000000000
00000000000000000000000000000000000000000000000000000000000000000000000110000000
00000100000000000000111000000000000000000000000000000000000000000000000000100000
00000000000100000000000100000010000100000000000000000000000000000000000100000000
00000000000000000000000000000000000000000000000000000000000000000000000000000001
00000000000000000000000000000000000010000000000001000000000000000000000000000000
00000000000000000000000000000000100000000000000000000000000000000000000000000000
00000000000000000000000000000000000000000000000000000000000000000000000000000000
01000000001000000000000000000000000000000000000000000000000000000000010000000000
00000000000000000011000000000000000000011000000000000000000000000000100000000001
00000000000000000000000000000000000000000000000000000000000000000000000000000000
00000000000100000000000100000000000000000000000000000000000001010000000010000000
00000000000001100000000000000000000000000000000000000000000001000000000100001000
00000000000100000000000010000000000000000000000000000000000000000000000000000010
00000100000000000000111000000000000000000000000010000000000000100000000000000000
00000000000000000000000000000000000000000000000000000000000000000000000000000000
00000000000001100000000000000000000000000000000000000110000000000000000010000000
00000000000000000000000000000000000000000000000000000000000000000000000000000000
00100001000100110000000010010000000000000100001000000000000000000000000001000000
00000000000000000000000000000000000000011000000000000000000000001000010000000000
