0011100000010011001000100001000000100110000001000001000000000011001000000100000100100010000000000000000001010000000000100000000000000000000000100000000
0000000000000001010000000010010100100100000000000000000000100011000000000000000000000001001000000000000000000000000000000010000000000000000000000100000
1001100100010111101000100001000010100110000001000001000000000011001000000100000101100010000000000000000001010000000000100000000000000000000000110000010
1010100000010011001000100001000000100110000001010001000000000011001000000100000100100010000000000000000001010000000000100000000000000000000000100000000
1011010000010011001000101001000010100110000001010001000000000011001000000100000101100010000000000000000001010000000000100000000000000000000000100000000
0000100001000011000000101000000010011111000000000000000000000000000000000000000001100000000000000000000000000110000000000000000010100100000000000001000
0000000000000000000000000000000000000000000000000000000000000000000000000000000000000000000000000000000000000000000000000000000000000000000000000000000
0010000000000100100000000000000010000000000000000001000000000000000000000100000001000000000000000000000000000000000000000000000000000000000000110000010
0000000000000000000000000000000000000000000000000000000000000000000000000000000000000000000000000000000000000000000000000000000000000000000000000000000
0000010000000010000001100000000000011111000000000100000001100000000000000000000001001001000000000000000000000110000011100000000010100100000000010001010
0000000000000000000000000000000000000000000000000000000000000000000000000100000000000000000000000000000000000000000000000000000000000000000000000000000
1011100000000111001000100001000000100110000001000001000000000011001000000100000100100010000000000000000001010000000000100000000000100000100000100000000
0000000000000011000000000000000000000000000000000100000000000000000000000000001111111100000000000000000000000000000000000010000000000000000000000000000
0010000100010000100000000000000010000010000000000001000000000000000000000100000001000000000000000000000000000000000000000000000000100000100000110000010
1011110001011001001000100001000000111111000001000101000000000011001000000100000100100010000000000000000001010110000000100010000010100100000000100001000
1111110000011010011000101001000110100110000001000101000000100011001000000100000101100011001001100000000001010100001000100010000000000000000000100100000
0010000100000100011000000000000010000000100000000001000000000000000000000100000001000000000000000000000000000000100000000000000101000000000000110000010
0100000000000001101000000000000100100100101100000000000000100011000000000010000000000001001000000000000000000000100000000000000101011000000000010100010
1011100000010011110000100001000000100110100001000001000100000011001000000100000100100010000000000000000001010000100000100000000101000000000000100000000
0000000000000000000000000000000000000000000000000000000000000000000000000000000000000000000000000000000000000000000000000000000000000000000000000000000
0000000000000000000001000100000000000000000000000000000000000000000000000000000000000000000000000000000000000000000000000000000000100000100000000000000
0000000001000000000010100100000000000000000000000100000000000000000000000000000001001000000000000000000000000000000000000000000000100000100000010001010
1011110001010011001001001001000011100110000001000101000000000011001000000100000101101010000000000000000001010000000000100000000000000000000000110001010
0000000000000000000000000000000000000000010001000000000000000000000000000000000000000000001000000011000000000000000000000000000000000000000000000000010
0000110000000001000000100000000010000000000000000000000000010000000000000000000001100000000000000000000000000000000000000000000000000000000000000000000
0000000000000000000011000010000000000000000000000000000000000000000000000000000000000000000000000000000000000000000000000000000000100000100000000000000
0100000000000000000000000100010000000000000000000000000000000000000000000000000000000000000000000000000000000000000000000010000000000000000000000000000
1011100000010011001000100000000011100110000001000001000000000011001000001100110100100010000000000000000001010000000000100000000000000001100000110000000
0000000000000000000000000000000000000000000000000000000000000000000000000000000000000000000000000000000010000000000000000000000000000000000000000000000
0100000000000000000000000010000000000000000000000000000000000000000000000000000000000000000000000000000000000000000000000010000000000000000000000000000
0000000000000000000000000000000111001000000000000000000000000000000000010000010000000000000000000000000000000000000000000001000000000000000000000000000
0100000000000001010000000000001011101100000000000000000000100011000000010000010000000001001000000000000000000000000000000001000000000000000000000100000
0010110100000101100000101001001101001000000000000001000000000000000000010100010001100000000000000000000000000000000000000001000000000001100000110000010
0000000000000000000000100001001110001000000000000000000000000001000000010000010000000000000000000000000000000000000000000001000000000001100000000001000
1111100000010011011000100001000100000110000001000001000000100011001000000100000100100011001000000000000001010000000000100000000000000000000000100100000
0000010001000010000000000000000000001111110000000000000000000000000000000000000000000000000000000000000000000110000000000000000010100100000000000001000
0000010001000010000000000000001111010111000000000000000000000000000000010000010000000000000000000000000000000110000000000001000010100100000000000001000
1111110001010011011000100001000100111011000001000001000000100011001000000100000100100011001000000000000001010110000000100000000010100100000000100101000
1011110001010111001000100001000000111101000001000001000000000011001000000100000100100010000000000000000001010110000000100000000010100100100000100001000
0000010001000010000000000000000000011110000000111100000000000000000000000000000000000000000000000000000000000110000000000000000010100100000000000001000
0000000000000000111000000000000000010000010000000000000000000000000000000000000000000000000000000000000000000000100000000000000101000000000000000000000
0000000000000000000000010000000000010000100000000000000000000000000000000000000000000000001000000011100000000000000000000000000000000000100000000000000
0000000000000000010000000000000000000000000100000000000000000000000000000010000000000000000000000000000000000000000000000000000000011000000000010000010
0000000000000000010000000000000000000000001000000000000000000000000000000010000000000000000010000000000000000000000000000000000000011000000000010000010
0000000000000000000000000000000000000000000000000000000000000000001000000000000000000000000000000000000000000000000000000000000001000000000000000000000
1011100000010011001000110001000000100110000000000001000000000011001000000100000100100010000000000000000001011000000000100000000100000001000000100000010
0000000000000000000000000000000000000001000000011100000000000000000000000000000000000000000000000000000000000000000000000000000000000000000000000000000
0001100000000000000000000000000000000001000000101100000000000000000000000000000000000000000000000000000000000000000000000000000000000000000000000000000
0000000000000000000000000000000000000001000000110100000000000000000000000000000000000000000000000000000000000000000000000000000000000000000000000000000
0000000001001011000001100000000000000001000000111000000000000000000000000000000001001000000000000000000000000000000000000010000000000000000000010001010
0000000000000000000000000000000000000000000000000001000000000000000000000100000000000000000000000010000000000000000000000000000000000000000000000000000
1011100100010111101000100001000010100110000001000010000000000011001000000100000101100010000000000010000001010000000000100000000000000000000000110000010
0000000000000000000000000000000000000000000000000000000000000000000000000000000000000000000000000000000000000000000000000000000000000000000000000000000
0000000000000000000000000000000000000000000000000000001100000000000000000000000000000000000000000000000000000000000000000000000000000000000000000000000
0000000000000000000000000000000000000000000000000000010110000000000000000000000000000000000000000000000000000000100000000000000000000000000000000000000
0000000000000000001000000000000000000000000000000000011000000000000000000000000000000000000000000000000000000000000000000000000001000000000000000000000
0000000000000000000000000000000000000000000000000000001000000000000000000000000000000000000000000000000000000000100000000000000000000000000000000000000
0000000001000000000000000000000000000000000000000000000000100000000000000000000000000001000000000000000000000000000011100000000000000000000000000000000
0100000001000001010000000000000100100100000000000000000001000011000000000000000000000001001000000000000000000000000011100000000000000000000000000100000
0000000000000000000000001000000000000000000000000000000000000000000000000000000000000000000000000000000000000000000000000000000000000000000000000000000
0000000000000000000000000000000000000000000000000000000000000000000000000000000000000000000000000000000000000000000000000000000000000000000000000000000
0000000000000000000000000000000000000000000000000000000000000010000000000000000000000000000000000000000000000000100000000000000000000000000000000000000
1111100000010011011000100001000100100110000001000001000000100101001000000100000100100011001000000000000001010000100000100000000000000000000000100100000
1111100000010011011000100001000101100110000001000001000000100010001000000100000100100011001001100000000001010100001000100000000000000000000000100100000
0000000000000000000000000000000000000000000000000000000000000000010000000000000000000000000000000000000000000000000000000000000000000000000000000000000
0000000000000000000000000000000000000000000000000000000000000000100000000000000000100000000000000000000111000000000000000000000000000000000000000000000
1011100000010011001000100001000000100110000011000001000000000011000000000100000100100010000000000000000001010000000000100000000000000000000000100000000
0000000000000000000000000000000000000000000000000000000000000000000000000000000000000000000000000000000000000000000000000000000000000000000000000000000
0000000000000000000000000000000000000000000000000000000000000000000000000000000000000000000000000000000000000000000000000000000000000000000000000000000
0000000000000000000000000000000000000000000000000000000000000000000000000000000000000000000000000000000000000000000000000000000000000000000000000000000
0000000000000000000000000000000000000000000000000000000000000000000000011111010000100000000000000000000000000000000000000001000000000000000100001000000
0000000000000000000000000000001111001000000000000000000000000000000000101111010000100000000000000000000000000000000000000001000000000000000100001000000
0000000000000000000000000001000000000000000000000000000000000000000000110111110000100000000000000000000000000000000000000001000000000000000100011000000
1011100100110111101000100001000010100110000001000011000000000011001000111011010101100010000000000010000001010000000000100001000000000000000100111000010
0000000000000000010000000000000000000000001100000000000000000000000000111101010010100000000000000000000000000000000000000001000000011000000100011000010
0000000000000000000000000000000000000000000000000000000000000000000000111110010000100000000000000000000000000000000000000001000000000000000100001000000
0000000000000000000000000001000000000000000000000000000000000000000000001000010000000000000000000000000000000000000000000000000000000000000000010000000
0000000000000000000000000001001111001000000000000000000000000000000000111111100000100000000000000000000000000000000000000001000000000000000100011000000
0000000000001000000000000000000000000000000000000000000000000000000000000000000111111100000000000000000000000000000000000000000000000000000000000000000
1011100000011011001000100001000000100110000001000001000000000011001000000100001011111110000000000000000001010000000000100000000000000000000000100000000
0000000000001000000000000000000000000000000000000000000000000000000000000010001101111100000000000000000000000000000000000000000000000000000000000000000
0010110101001101100001101000000010000000000000000101000000000000000000000100001110111100000000000000000000000000000100000000000000000000000000110001010
1011110000011011001000101001000010100110000001000001000000000011011000111111011111011110000000000000000111010000000000100001000000000000000100101000000
0000000000001000000000000000000000000000000000000000000000000000000000000000001111101100000000000000000000000000000000000000000000000000000000000000000
0000000001001000000001100000000000000000000000000100000000000000000000000000001111110100000000001000000000000000000000000000000000000000000000010001010
0000000000001000000000000000000000000000000000000000000000000000000000000000001111111000000000000000000000000000000000000000000000000000000000000000000
1011100000010011001000100001000000100110000001000001000000000011001000000100000100100001000000000000000001010000000000100000000000000100000000100000000
0100000001000001010000000000000100100100000000000000000001100011000000000000000000000010001000000000000000000000000011100000000000000100000000000100000
0000000000000000000000000000000000000000000000000000000000000000000000000000000000000000000000100000000000000000000000000000000000000000000000000000000
0000000000000000000000000000000000000000000000000000000000000000000000000000000000000000000000000000000000000000000000000000000000000000000000000000000
0100000000000001010000010000000100100100010000000000000000100011000000000000000000000001000001100011000000000100001000000000000000000000000000000100000
0000000000000000000000000000000000000000000000000000000000000000000000000000000000000000000000000000000000000000000000000000000000000000000000000000000
0000000000000000000000000000000000000000000100000000000000000000000000000000000000000000000001100000000000000000000000000000000000000000000000000000000
0000000000000001000000000000000000000000000000000000000000000001000000000000000000000000001010100000000000000100001000000000000000000000000000000000000
0000000000000001000000000000000000000000000000000000000000000001000000000000000000000000101011000000000000000100001000000000000000000000000000000000000
0000000000000000000000000000000000000000000000000000000000000000000000000000000000000000000000000000000000000001000000000000000000000000000000000000000
0000000000000000000000000000000000000000000000000000000000000000000000000000000000001000000000000000000000000000000000000000000000000000000000000000000
0000000000000000000000000000000000000000000000000000000000000000000000000000000000000000000000000000000000000000000000000000000000000000000000000000000
0000000000000000000000010000000000000000010000000011000000000000000000000100000000000000001000000001000000000000000000000000000000000000000000000000000
0000000000000000000000010000000000000000010000000000000000000000000000000000000000000000001000000010100000000000000000000000000000000000100000000000000
0000000000000000000000000000000000000000010000000000000000000000000000000000000000000000000000000001000000000000000000000000000000000000100000000000000
0000000000000000000000000000000000000000000000000000000000000000000000000000000000000000000000000000000000000000000000000000000000000000000000000000000
0000000000000000000000000000000000000000000000000000000000000000000000000000000000000000000000000000000000000000000000000000000000000000000000000000000
0000000000000000000000000000000000000000000000000000000000000000010000000000000000100000000000000000000011000000000000000000000000000000000000000000000
0000000000000000000000000000100000000000000000000000000000000000010000000000000000100000000000000000000101000000000000000000000000000000000000000000000
1011100000010011001000100001000000100110000001000001000000000011011000000100000100100010000000000000000110010000000000100000000000000000000000100000000
0000000000000000000000000000000000000000000000000000000000000000000000000000000000000000000000000000000000010000000000000000000000000000000000000000000
1011100000010011001000100001000000100110000001000001000000000011001000000100000100100010000000000000000001100000000000100000000000000000000000100000000
0000000000000000000000000000000000000000000001000000000000000000000000000000000000000000000000000000000000000000000000100000000100000000000000000000000
0000010001000011000000000000000000011111000000000000000000000001000000000000000000000000001001100000000000000010001000000000000010100100000000000001000
0000010001000010000000000000000000011111000000000000000000000000000000000000000000000000000000000000000000000100000000000000000010100100000000000001000
0000000000000000000000000000000000000000000000000000000000000000000000000000000000000000000000010000000000000000000000000000000000000000000000000000000
0000000000000000111000000000000000000000100000000000001010000110000000000000000000000000000000000000000000000000000000000000000101000000000000000000000
0000000000000000000000000000000000000000000000000000000000000000000000000000000000000000000000000000000000000000000000000000000000000000000000001000000
0000000000000001000000000000000000000000000000000000000000000001000000000000000000000000001001100000000000000100000000000000000000000000000000000000000
0000000000000000000000000000000000000000000000000000000000000000000000000000000001000000000000000000000000000000000000000000000000000000000000000000000
0000000001000000000000000000000000000000000000000000000001100000000000000000000000000001000000000000000000000000000001100000000000000000000000000000000
0000000001000000000000000000000000000000000000000000000001100000000000000000000000000001000000000000000000000000000010100000000000000000000000000000000
1011100001010011001000100001000000100110000001000001000001100011001000000100000100100011000000000000000001011000000011000000000100000000000000100000000
0000000000000000000000000000000000000000000000000000000000000000000000000000000000000000000000000000000000000000000000000100000000000000000000000000000
0000000000000000000000000000000000000000000000000000000000000000000000000000000000000000000000000000000000000000000000000000000000000000000000000000000
0000000000000000000000000000000000000000000000000000000000000000000000000000000000000000000000000000000000000000000000010000000000000000000000000000000
0100000000001011000000000010010000000000000000000100000000000000000000000000000000000000000000000000000000000000000000000001000000000000000000000000000
0000000000000000000000000000001111001000000000000000000000000000000000111111010000100000000000000000000000000000000000000010000000000000000100001000000
0000000000000000000000000000000000000000000000000000000000000000000000000000000000000000000000000000000000000000000000000000000000000000000000000100000
0000000000000000000000000000000000000000000000000000000000000000000000000000000000000000000000000000000000000000000000000000000000000000000000000000000
0000000000000000000000000000000000000000000000000000000000000000000000000000000000000000000000000000000000000000000000000000000000000000000000000000000
0000000000000000111000000000000000000000100001000000000000000000000000000000000000000000000000000000000000001000100000100000000001000000000000000000000
0000010001000010000000000000000000011111000000000000000000000000000000000000000000000000000000000000000000000110000000000000000001100100000000000001000
0000000000000000111000000000000000000000100010000000000100000000000000000000000000000000000000000000000000000000100000000000000110000000000000000000000
0000010001010110000011000100000000011111000000000000000000000000000000000000000000000000000000000000000000000110000000000000000010000100100000000001000
0000000000000000010000000000000000000000001100000000000000000000000000000010000000000000000000000000000000000000000000000000000000001000000000010000010
0000000000000000010000000000000000000000001100000000000000000000000000000010000000000000000000000000000000000000000000000000000000010000000000010000010
0000010001000010000000000000000000011111000000000000000000000000000000000000000000000011000000000000000000000110000000000000000010100000000000000001000
0000000000000000000000000000000000000000000000000000000000000000000000000000000000000000000000000000000000000000000000000000000000000000000000000000000
0000000000000000000000000001000011000000000001000000000000000000000000000000000000000000000000000000000000000000000000000000000000000000100000000000000
0000000000010100000011000101000011000010010000000000000000000000000000000000000000000000000000000001100000000000000000000000000000100001000000000000000
0000000000000000000000000000000000000000000000000000000000000000000000000000000000000000000000000000000000000000000000000000000000000000000000000000000
0000000000000000000000000000000000000000000000000000000000000000000000000000000000000000000000000000000000000000000000000000000000000000000100000000000
0000000000000000000000000000000000000000000000000000000000000000000000111111010000100000000000000000000000000000000000000001000000000000001000001000000
0000000000000000000000000000000000000000000000000000000000000000000000000000000000000000000000000000000000000000000000000000000000000000000001100000000
0000000000000000000000000000000000000000000000000000000000000000000000000000000000000000000000000000000000000000000000000000000000000000000010100000000
1011100100010111101000100001000010100110000001000001000000000011001000000100000101100010000000000000000001010000000000100000000000000000000011010000010
0010000101000100110001100001000010000000001100000101000000000000000000001110110001001000000000000000000000000000000000000000000000011000000000100001010
0000000000000000000000000000000000000000000000000000000000000000000000111111010000100000000000000000000000000000010000000001000000000000000100000000000
0100000000000001010000000000000100100100000000000000000000100011000000000000000000000001001000000000000000000000000000000000100000000000000000000000000
0000000000000000000000000000000000000000000000000000000000000000000000000000000000000000000000000000000000000000000000000000000000000000000000000000101
0000010001000010000001100000000001011111000000000100000000000000000000000000000001001000000000000000000000000110000000000000000010100100000000010000010
0000000000000000000000000000000000000000000000000000000000000000000000000000000000000000000000000000000000000000000000000000000000000000000000000010001
0010000101000100110001110000000010000000001101000101000000000000000000000110000001001000000000000000000000000000000000000000000000011000000000110001000
0000000000000000000000000000000000000000000000000000000000000000000000000000000000000000000000000000000000000000000000000000000000000000000000000010100
