0111110111111111110111111111111111111111111111111111111110111111111111011101111111111111111111111111111111111111111111111011111111111111111111111011111111111011111110111111111111011111111111111110111111111111111111110110011010111110011111101101101101111
1010111110011110111111111011111111111111111111110101111110111111101111011101111111111101111111111100110111111111111111111010011111111111111111101111111111111111110111110111011010011111111111110111111111111011111011101100111011011011011110100101100110111
1100010110010100110000110001011010101101100000110100100010110011000001000000001011000001111000101000000101111100000000001000100000001010000111100001111000101011100000000000001010010101001010010100010100100011110001000100010000010010000100000000000000001
1000010110000100110000100001011010110100101001110100100010000010000001010100010111000000111000111000000111010100000000001010000000001010000010100001010000000011110000010000000000000001000110000000010000000001011000000000000000010000000110000000000000001
1100010110010100110010110011111101110101101100110101111110111111001001000100010111110110111110111000010111111100100100011010101110101010000111100011011110111011101000101001010010010110001010110100110100111001001111100100010000010000000111100000000000011
1111101111111110111111111111111111111111111111110111111110111111111111111101111111111111111111111001111111111111111111111011111111111011111111111011111111111111111111111111111111111111111111111110111101111111111011111110111011011010011111100101111011111
0100010000000100000000000001000000001000101000000100100000100010001000000000010010010100101000100000000000110100000000001010000110000000000010000001001000000010100000000000000000010100000010000100010000100001000000000110000000000000000100000000000000001
1111110010010100110010110011111111111111111111110101111110111110001001000101101111010001111111101001010111111111000100111010100011111010000110111011111111111111101100110001011011110100101011111110110100111011111011000110011010011010000111000011000000011
1111110101011100111111110101111111111111111111111101111110111111111001011101111111111111111111111001110111111101100111111011111110111111001110101011011111101011111110011011011011111111111111111110011110111111111011000100011011011010011111100100100101001
1000010010010000000000000000000000010000101000011100100000110010000000000000000010010000000000100000000000110100000000000000100110000010000010100011000010100000100000000000000000010100000010000000011000100001000010000100000000010000000100000000001000001
1000010000000000000010000010000000000000010000100000000000000000000000000000000000000000000000000000000000100000000000000010000000000010000010100000000000000001000000000000000000000000000000000000000000000000000000000000000000000000000000000000000000001
1110110111000111110011110101011111111101111111110101110111111011111011011101110111110101111111101000111111110111000101001011110001101010000010101011101110111111111100010011011010111100110011110111011110111011111011000100000000010011010110000101000011001
1100010010000100010010010001001100011001111101100100100000011010001000000000001110010001001001100000000100110000000000001000000000001000000010000001001000111011100100000001000000011100100010000100000110001001000010000000000001010100000010000000000001000
1111111110011010110010110001111111111111111111111111111110111111001001001111111111110111111110101000011111111101111111111111110000101010011011101111111101111111110110111010101111010100111110110111010100101111010111000001010010110000000111000101010000011
1100010000010100000000000000000000010001110000000100100000100010000000000000000010000101100000100000010000110000000000001000000000100000000000000001000000000010100000000000000000010100000010000100000000101001101000000000000000010010000000000000000000001
1000000000010000000000010000000000000100000000000000100000001010000000000000000010000000000000000000000000100000000000000000000000000000000010000000000000110000100000000000000000010100000000000000000000000000000000000000000000000001000000000000000000000
1111110110010100010110100001111110101101111101110101110010111011001001000100011111010101111111101001110101111111100000011010100111101010000010101011101110101011111100110001101011011100111110011111010100111011111110100100010010011011000110000000001000011
1111110110011100101110111111111111111101111111110111111110111111101001010101111111111111111111101111111111111111111001111011100100101011111111111011111110111111111101111111110111011111111011110110110110111011111111101110111010011011001111010101010010011
0100010010000000010000010000000010000000100000000101000000101010000000000000000010000000111000101000000100100110000000001000000100100010000000000000000000000001100000000000010000000001000010000000000000000001000000000000000000000000000000000000000010001
1100010010000000110010010000001001000000100000000001100010001000000000000001000100010000010000100000000100110000000000011010000000000000000010000000000000010001000100100000000000010000100000000000000000000000000010000000000000010000000000000000000000001
1100110110111100110101110001011111111101111111110111111110111111111001001001111111111101111110111000111111111111111111111110110110101111111011101011101111101011101100110000010111011111101011010111010111111111011011111101010010011101001110110111010010101
1100010010010000000010010001000100000001100000100100000000100010001000001000000110000000011000000000000001100000000001001000000000000010000010000011000000000000101000000000000000010110000010000100000100010001000000000000000000000000001000000000000000001
1111110110010100110010010011111111111111111111110111111010101010001101000101011111010101111110111000100111111111111000111110110101111110000011110011011111101011111100010111010011010101011110110111110100111001111011011111110010011110001111010000000001011
1110110110011101011111101111011111111111111111110101111110101111111011011101011111011101111100111001011111110111100100001010111111111011011010111101101011111011111100010001111001011100101110111110111100111111111011110110110011011011011110101101010111001
1100010000000000010000010000011001100000000110110101100000001110000001000000000100010000101000101000000001110100000001001000000000000010000010001001000000000010001100000000000000010100000000000100000100001001001000000000010000000000000100000000010000100
1000010010010000010000010001011000101101100000000100100000101010000000000000000010000000001000100000000101110000000100001000000000000000000010000000000000000000100000000000000000010000000000000000000100100000000000000000000000000000000100000000000000001
1100110100100000010000110001000110011001011000110100100010001000001000000000000000010000010100100000010001110100100001001010000000000000000010100001000000010001000000000100000000010100000000000100010100100001001010000100010000000000001110000000000000001
1111111110011100110011110110111111111111111111110111111110111111111101100101011111011101111110111000011111111111100101011110111110111010000111101011111111111011111111111101010011011101111110110110111110111111111011100110111011011110011110100100110000011
1100110110000100110000100001001000110100110000000101000000100010001001000000000010010000101010100000000100111100000000011010000000001010000010100001000010100011100100000001000010010100000010000100010100100001000000000000010000010000000110000000000000011
1111110110010100110010111101001110111101101101110100111110111111101001010101111111011111111101101101010111111111111111011010111111101010111011101111101111101111110101110001110110011100101111110110011110111011111011000110010010011110100110000101001010001
1111110110011100110110111101110101111101111011110101111010101110001001000101000111010111011110110000110111111101100001011010100001100110110011101011011110111011101110011011000001010100111010100110110100101101010010010100111000011100010110000000000100001
1100110110011100110011110011011010011111111101110111111010100111001001000100011111011101111001101000000101110101100100001010110000111010000110111011011110101011111110010100010011011100010110110100010100101001111000000100011010111110000010100000000000001
1111010110010100111010110011010101110101101111110101111110101111001111100101011111010001111001100000110111111110100000011010110101101010000010000011100111111011110000010000110001111100010010110110010100101011100011000100111000010010111110000010000000001
1100110110010100010110111001001010111101101011100101100010101010001001000001100111010111011001101000000101110110000101111010000000101010100010100011001010111011100000000001010000110110000110001100111110111001101001010111110000010010000110100000000010101
1111110110010100110010111101111011011111111111110101100111101111001101110101011101010101011101100110100101111101000101011010000110101010010010100001101100101010011100011001101000011100111110111110010100100001101000010000000000000010000110000000000001101
1101110111011110010010110011111111100111101111111101111010100111001001000101001111011111100111001000000101100000100001010010001000010110000111001111000101001001101111010011000001011101111011110110001101100110010011010010010000000000000000000000000001001
1110011110011100110010110111011101100101111111110100111010111011000001010100000110010101111001101000100111110101011000001010010000101010011110101001111101011010101100100100010010011100110100010100010010100011001011001100000010010000000010000001000000001
1111110110010101110010110101111111111011111111110111111010111011001101000101111111010111111101101001100111111111100101011110100010101111000110101111111010111011111010010001011001111101100110111111111100111111111011101100111010011111010110110011000001011
1100010110000100000000110001000100110101110101100101100000000010000000000000000110000001011000100000000111110101000000011010000010100010000010100001001010100010100000010000001000011100000100000100010000100001101000000000001000000010010110000010000000001
1110110110011110110011110111011111111110111111100101111110101111111001010101110111011111111100101101111111111111000110011010110101111010010011101011011111111011111010011101100011111100101110110110010101111011111011000100110010011010111110101001000001001
1111111111011110111111110101111111111111011111111111111111111111111001001101111111111111110111111000111111111101011101011011110000111110010111111011011111111011111111011111111101011110111011111110111111111011111011111110111000010110001110100101010000101
1100010110111110110010110011101100101111101101110110111010110010001101000111011110010100011111100001100111111100100000001010000100000010110010000011011000000011100100100010010000011100000010001110011100011011001010010000010000010000000110000001000010001
1101111111011100110010110011011111111101110111111101111010111111001101001101111111110101111111111001110111111101100101001110100110111111110111101111001011101011101110111111011010010101111110111110111110111111111011011110110010011010010111100101100100001
1100110110011100110010111001010110111111111011110101111110111111111001000001011111011001011100110100100111111101000000011010111110011010000010100011001011111011110000000001000010011100001011110111110100101111011011010100011011011000011111000011001101001
1100010110010100010010111001001011111101101101110101100110111010000001000101010100000000111000100000000111110110000000001000100000001010000010101011001100001011001000010011000001010110000011100100010110100001001001000000010010000000000110000000000000001
1101010110011100110010110001011111111111111110110100111010111111111101000101111111011001111111111100110111111100100101011010110011111010111110101011011011101011110100010011101011011110101110110110011101111011101011001110010010011010011110101001000001001
1111110110111100110011111011011111111111111111010101111111111111001001011101111111010101111100101001011111111111111100111010101001111011110011101111011011111011111110111000111011111100101011110110010110111111111111000000011010011010001110001001000000001
1111110111010100110010111011011110111100111111101111111110111110001101000101011111011101111001111000000111111111100000001010101110011010010010111111011111101011111110010110010011010100101111111111110110111001111011010110011010111110000110000000000100001
1000000011000100000000000000000000010000101000010100100000000010000001000000000010010000000000100000000000110000000000001000000000000000000010000000000000000010100000000000000000010000000010000000000000000001000000000100000000010000000100000000000000000
1111111111011110111011111111111111111111111111111011111111111111111111011111111111111101111111111101111111111111111111111111111111111111110111111111111111111111111111111111111111111111111111111111111111111111111111011110111011011111011111101111010111111
1000010000000100010010100001000100000100110000010100000010100010000001000000000010000000001000100000000000111100100000001010000000000000100000100000000000000000100000000010000000010000000010000000010000000000000000000000000000010100000000000000000000000
1100110110010100111110111001101111110111101110110100111110111110000011010101011111110001111100111001010111110000000110111010100110100010000110100011001110111011101001011010010010010100101010011110000010110111100000101010010000010010000111100001000010001
1111111111011111110110111111011111111111111111111101011111111111101101101101111111111111111101101000111111111111111101011011101101111010110111111111111010111011101111111110110011111101111111111111110110111111111111111101110010011110001110110101010010001
1100110110010100110010110001011110011101111101110101101110111110001001000101110111110101011000111000010101111101100010011010100110110010000010101101001110110011110100110000100000010100101110100110011100011011101110000100010010110010001110000001000100001
1100110110000100010010110001011110011101111101110101110110101010001001000101000111010001111000111000010111110100000000001010100010111010001011101111101010111011101100110001110000011110011010101100010100101011111011001100110001111010010110010001000100001
1100110110010100010010010001010010100001100110110101111010101111001001010001010111010000111000101001100111110101000100011011110100111010001010100011001100110011110000000001000101010100010010100110110100111011001000010000011010011000000110100001000000001
1111110110010100110110110011011111111101111111110111111101101110001001000101110111011111111111101000011111111111100101111010101110111111000011111011011110111111111111010111111011011101111111111111111100111111111011000100111010011010010110110001000011001
0000000000010000000000000000000000100000100000100100100010000000000001000000000100000000000000100000000101010001000000001000000000000000000010000000000000000000000000000000000000010000000000000010000000001010010000000000000000000000000000000001000000000
1110111111010110111011110101111111111101111111110111111110011111001101000101011111011101111111111000111111111101111111101111111111000110011011111111111100111011111111110011110011010100110011110110101011110011011011100101110010011000001110100000000011001
1110110111011100110010000001010000001100111111110101110000101011001100000000000111010100011000101100010111110001000000001010101000101001000000000011001100101011100011100010110010010100000010000110000110111001000001000100000000000000000010000000000000001
1100110110011101111110111111011011101101101111110101111110110111001011011101011110010111111101101000010111110101000000101010110101111011001111111011001101111111111110010011110010010100101011110110111111101101101010100100010010011010000110000000010010001
1100110110000100010010011001011110110001101101110101110110101010001001000100010111000100111000100100000101110100000100011010100100111010100110101001001110001010111101100101000001011100110010100110011101111001011011000000000000011001001100100000000000001
1111111111011111111011111101111111111111111111111111111110111101111111111101111111111111111111101111110111111111111111011010110110011111010111111011111111101111111111110110100010111101111111110111110111111111111111111111111000011110001110101101010000101
1110110010010100110010010001010110111101101101100100100100111010001001010000010111010100111101101000000101110000000000001010100001011010010110101011101010100011100000010000000010011100101110000100101100100011001011100110000000010000001110000101010000001
1100010010010000010010010001010000000001100101000100100000000010010001000000000111000001001000000000000111110100000000001000000000101000000010100011000000100000100000010000000000011100000010000000011000011011100001000000000000000010010110000101000000000
1000010010010000000010010001000000000001100101000100000000000010100001000000000001000001000000000000000111110100000000000000000000101000000010100000000000100000000000000000000000001100000010000000010000000001000000000000000000000000010110000000000000000
1100111110011100110011110011111111110101111101110100111110111111000001000001110111010000111111111001110111110111100111011010100010111010100010100001001101111011111110011100100010010100100010000110010110110101011011010000010000110100000110000000000000001
1100010000000000000000100001000010100100011001010100100000110010000001000000000110000100010000110000000001111110000000001000000000101010000010000100000000001000100000000000000000010100000010000000110010110000010010000000000000010000000110000000000000001
1100010000010000000000010000000010000000000000000101000000001010000000000000000010000000001000100000000111110000000000001010000000000000100010000001000000000000100000000000000000010000000000010100000000110001000000000000010010000000000100000000000000000
1111110110010100110010111001111111111101111111111111111111101111111100100101111110011101111101111001110111111100100101101010100101111010011011111011011111111111111101011001010110111100001111111110010100101011011011000000111001000100011110000001000000001
0000010000000000000000000001000010100000000000000000100000000010000001000000000110000000000000000000000000100000000000000000000000000000000000000000000000000000100000000000000000000000000000000000000000000001000000000000000000000000000000000000000000000
1101010010010000010000010000010000101001000000100101000100001011000000001101100011010001101000100000000101110100000000001010000000101010000010100001001000000000100000000001010000010101000010000100010100110001101010000000010000000010000100000000000011001
1100010010010100000011010000000000000000101000100100100000001010000000010000000010000001001000000000010000110100011000001010000000000010000011000011001000000000100000000000000000010100000010000100010000101001100000000000010000010010000100000000000000001
1101110110010100110000110001011110111101111011110101111010101110000001010000010110011001111100101000000111110100100000011010100000100010000010100001011010111010111100010000010010010100001011100100011100111001101011000100010000001010001111000000000000001
0000000000000100000000000000000000000000010000000100000000000000000000000000000000000000000000100000000000100100000000001010000000000000000000000000010000100000000000000000000000010000000000000000010000000001000000000000000000000000000000000000000000000
1100010110010100010110110001011011110101111111110101111110101010001001010000100111010101011000101000000111110100000100011010110000000011000010101101001010001010100000000011000000110100111010110101110000111001101011001100011011001010000100100000000001001
1100010110010100010010000000010001000101101001100100110010000010001001010001000111010100001010100000000111100000000100001000110000000010000010101001000000001010100000100001000000110000100000110001000000010001000011000100000000000000000000000000000001001
1101111010010100110010110001010110100101111111110101110110101111001001000100001111011000111101111000010111111101100001001000001000101010000010001001001110101011111010000000110010010101110010110110010000110111110011000010100010000001000110000000000000001
1110010110001100110010110001010110110100111101110101100000101010000001000000010110010000101000101000010111111101100000001000110000011010000010000011101000101011110000000011011000010101100010011110100110111001010000000000010010011000000110000000000001001
1101110110011100110111111001011111111111111111110101111111111111101101100101111011010111111101111000111111111101100001111110110110111010111111111111011010111011111100110011010011111111111111110110011110111011111001010100010011011011011111000001100100001
1111111111011111111011110101111111011111111101111111111110111111101111111101111101111111111111101111110111111100111101111010110110011110110111101011111111111011111111010110110011111101111011110111110111111111011111111111111010010100001110101101010010101
1111110110010100110010110001011111110101101101110101111110110111111000010001110110110101011001111000111111111100100111011001000100101010010110011011001000101111101110011101110101011100100110100110011101111011001110010100110000010000001110101100000000001
1100110010010100010010000000000000000000101000000101110000000010000000000000000011010000100000100000010101100100000000001000000000100010000000000001000000000010100000001000000010010100010010000100000000000001000001000100010000000000000000000000000000001
1100111111011100110110111011111111111101111101111101111110111011001001010101111111100111111111111110100111111101100001111010100100011010000011100001001110101111110100011101010010111100010010100110010100110011011011000101010010011100000110000101000101111
1100010010000000010010010001010100010001100101010100100010100010000001000100010010000001010100100100000111110100000000000000000000010010000000000011001000100010100000000000000000011100100010000100000100000011000000000010001000001000000010000001000000001
1100111010010110110010110001011101111101111000110100110010111111000101000001100111010001101000110000000101110100100101101000001110001101000011111001010000110011100000010010000000110100010010100111001000001001100001000100000000010010010110100000000000001
1000110010000100010000000000011001010101100000000000100010001010000000000000000110010000001000000000000000100000000000011000000000000010000010000010010010000011100000000000000000010100000000010000000000100001000100000000000000000000000000000000000000001
1110010110011110110010110001011111111111101101110101111010101010110001011101000111011100011100111100110111110101000110011000100000100010000010101011101100101011111111010000011010011100110010100110110100101011110000000000111010011010101110100001000010001
1111111110010110111010111001110110011101101011110101101110101111001001010100011110110100010010011000110111110100100001001000100000000110001011101101000100101010111000011001000001010001010010010110110000000011000010010010000001000000000010000001000000001
1111110110010100111111110011011111101111111111110101111110111111001101000101010111011001101100101100110111111100100101001010100010111010010111101011111111111001101001110011011001011101001011111110011100010101011011010100111000010000000110000100000000001
1111111110011100111011111101111111101111011111110111111110111111101011011101111111010111010110011100111101111100011101111011110001110110011111101011110100111011100101011010011101010110111111110110000111100110111111111111110000000000001000001101000000001
1100110110010100110010110011011000110101111101100101100010101011001001000100010110011001011011100100010111110101000000001010100110101010010011111011001010101010101100011111100010011110100110100111111100011011010010010111110011010000001111000001000000001
1100110110010100110010100001101000010000111001000100000010100010001000000000100010010000101100101001110111110100000000001010100010010000000010000001000000100011100100001000000010010100100010000100010000110001001010010000010000010000000100000000000000001
1100010110011000110000000000010111111100111001010100100010101011001001000000010111010000000100101000000101110000100000000000001000110010000010100001001000001000111000000010010000010100000010000010000110000001000000000000000010000000000100001000000000001
1111111111011110111110111111111111101111111111111111111111111111001111010111111111111101010111011001111111111100111101011111110001011110010111011111111101111111111111011011111111011100111010010110010111111111010111010000010000001100000010101101000011101
1101110010000000000010110001001000000000101101010101011000100000001101000000010101010101101000100000000101110100000000001000000000000000000010101101000000001010000100000000010010010100000010100100010000000001100000000000010000000010000110000000000100001
1111110110010100111010111001010101011101101001110101111110111011001001000101011111010001111011100000010111110100011001011110010000111010000110101011100000011011100010011000100000010100110010000111010101101011110001000000000000010110001110000001010000001
1100000000000000010000000000010000100001000101000100000000010110000000000000000010011001011100000010000100010100000000001010000000000010000000000001000100000000100000010000000000011100000000000100000000000000010001010000010000010000000000000000000000001
1000000000000000010000000000000000100000000000000000000000000010000000000000000010010000000000000100000000000000000000001000000000000000000000000000000100000000100000000000000000000000000000000000000000000000000000000000000000000000000000000000000000001
1000010110000000110000010000010000000101011000100101000100000010001001000000000010000000000010100000000101100000000000000000000000000010010110001000000000100001100000000000000000010100000100000010000000001001000000000000000000000000001000000000000000001
1100010010010000110010100000001010101101111101000100100100100010001001000000000111010001111010100000010111111111000000001010010100001010010010001001001010001011000000000001000100011100000010000100010110110001100000000100010000010010000000000000000000001
1100110110010110110010010011011010000001101001100101111010111010001001001000011111100001111110101000100101110000000011001000000010010010011111101001011010011011110000011101000010010100110010000110000000110101111001000000000010011010000110000000010000001
1000010000010100010010010001000000000001100000100100100010100000000000000000000101000000001000100000000110010000000000001000000001000000000000001000000000000010000000000000000001010100000010000000000000000001000000000000000000000000010000000000000000001
1111110110011100111110110101111111111111111111110101111111111111111011010101111111111101111111111101111011111111111111111010100001111110111111111011111011101111111110111001111111111101111110111111111101111111111111111110111010111110011110101101010111001
1101110110010100010010110001011010001111111111110101101110111010111011000101111111011001110110101000101101110101000101011010100000001010001011101011001000101010110110010001100000010100010010111110110000110001111100000100100000010010010110100000000001001
1111110110010100110011111111011111111111111111110101111111111111111111010101111111111101111111111001110110110101100101011011110110111111011111101011101101111111101101011111110011111101111111111110110111111111111011110110100010011110011110100001000010101
1110111111111111111111111111111111111111111111111111111110111111111111111111111111111111111111111001110111011111111111011111111111111011010111111011111111111111111111111011111111111101111111111110011111111011111111111110111000111110111110101101000001111
1111111111011110110110111111111111101111111111111111111111111111111111011101011111011101111111111100111111101101111101011011111111111010011111101011111110111011111111011010111111011101110110110110111110111111011111110100110010011100010110100001000000011
1110110110000100110010100001111010100101111101110110110010100010000101000000011111010000011000100000100100110100000000001110000000001110110010000011011100001011011100000000010001011100000011100111110100101001010010000000110010000100000110000000000000011
1111111111010100111010111011111111101111111111110110111110101110111101011111011111111101111110111100100111111010000101011010110101001010010111101101111111101011101111010101110001011101111110110111110110111011111011100000010001011010000110101000000000101
1100010100010000111010110001010011000101000010110100100010000010001100000000000000000000000000000000100100100100000000000000010001000000000010000001000101000001000000010000110001000100000000000000010100000000000000000000000000000000000000000000000000001
1100010110010100110010110001011100101111101100110100110111111010001000000000011100010001000100000000100111110000000000001000100000110000001010000011000000001001000000000001000000010100100000100110000000100000000000000101000010001000000000000000000000001
1100110010000100110010110011011110010100011001110110110010100010001001000100011111010100110001100000000101110000000000001010000000000010000000110011011010101001111110010100010011010100000110010000000100001001000000000100000000111100000010000000000000001
1100010000000100010010100000010000001000100000100100100000100010000000001000000010000000001000101000000100110000001000001000000000000010000010100001001000000000100000000000000000010000100010000100000000000001000001000000000000000000000100000000000000001
1100010000000100010010100000010000001000100000100100100000100010000000001000000010000000001000101000000100110000010000001000000000000010000010100001001000000000100000000000000000010000100010000100000000000001000001000000000000000000000100000000000000001
1100110110010100000010010101010101100101101001100101100110100110001001000001100011000101011000100000000111110100000000001010000000001010010010001000001000101011100000010000010100110100100010001000011101111001001000000000100000010000000110100000000000001
1100010010000100000010000000010000000001000000000101010000100010001000000000000001000001000000000000010100100000000000010010000000000000100000000001000000001001000010100000000000000000000000000000000000000000100000000000000000000010000000001000000000001
1100010010010100010011001011011001110100101001000100100010100010001001000000010111010100111000101000010111110100000000001000000000100010000010000001001010100000101000000100001000010100000110000110110000010001011001010001000000001000000110000000000000101
1100010110000100010010100000000001000000000000100101000010101000000001000000000110010100001000000000000100000000000000001010000000000110000000000010000000000001001000000000000000000000000000000000000000000000000000000000000000000000000000000000000000001
1100110110000100110110100001111011110111100101100101110110000110001000000101000111010011001000101000000111110100000010001010000100100010000010001011001111100011101000001000010000010100100110000110010000101001011101000100010000010000000100000010000000011
1111111110011110111111111111111111101111111111111111111111111111101111011111111111110111111110111110111111111101111101110110111110111111011111111111111101111111111111011011111101111111110111110110010111111111111011111110111011001110010111100101010001111
0000000000000100000010100001000000000100001000000100000000100000000000000000000100000000000000101000000000101000000000001000000000000000000000000000000000001000000000000000000000010000000010000000000000100001000000000000000000000000000000000000000000000
1101111110110100110110110011111111111111111101110111111110111111001011011111000110010000011110101100100111111100100110111000101100111110111010111011001100111001111111111001010101011100110011110111010100111111011011000110111010000100000110000100000000011
1000010010010100010000000000000000000000100000000100100100100000000000000000000001000000001000100000000001110000000000000000000000000010000000000000000000000000000000000000000100010100000000000000000000000000000000000000000000000000000000000000000000001
1010110111010100110010110001011110000101101111110101111110111111001001000101101110010001111110100000000111110101000000001010000100101010000010101001001001101011110000000000010111011100001011001010010110111001011011100110001010000000000110000000000010001
1100010010010100000010110001010110001001100101000100000100101010000000000001101110000000001000101000100001110110000000001000000000001010000010001001000000000000100000010000000000011100000000000100010100010001000000000000010010011000000110000000000000000
1100110010000000000000010001010000010000000100110100100010110000000000000000010000000100000001000000000000110000000000001010000000101010000010000001001010100000000000000000010000010100001010000000000000100001000000000000000000010000000110000100000000001
1100111011000000111010110001010010100001011100010101110110101110000001000000000111010100000100000000100001110100000000011010100010010010000010000001000000100001101000001011000000010100100010000000010000001001000000000000000000010000000110000000001000001
1100111111000000100010010001010000100110001101010101011010100010001000000000000110000100010110000000010001110000000000001000000100000000000010000001000000001000100000001000010000010100000000000100000000000001000000000000000000010000000110000000001000001
1100010100010000100000110000011010000001000001100100100000101001000001000000000000000000001000100000001100110110000000000000000000000010000000001000001000010010000000000000000001010100000011000000000000110001000010000000000000000000000010000000000000001
1100110110010110111010110001011111101111101001100101111110011100111101010100010101100001011101001000000101110001000001011010101000001010001010001001010000101000011000001000010100010100100110000100000000100001000010000000000000000100000110000000000000001
1100010110000000000000110001000100010001101101110100111110001111001001000000001110011000011011101000010101110001000000001010000100001010000010000001000000000001100000000001000001011100000010100000000000001011010000001000001000000000011110000001000001001
1111110110011100110010110001110111101101101111110100101110011111111101010000011111010100010100101000100111111100000100001010111000110011001110001011110000001000110011010000010001011100100110011110000000101010000010110000110000001000000110000100000010001
1100000010000000000010100000001000010100101000000100000010100010000000000000000010000100101000100000000101001000000000101010000000000010000010100001000000000000100000000000000010010101000010000100000000010001011000000000010000000000000000000000000000000
1111110111110100111011111001111111111111111111110101111110101111001101011101111111111011111101101101110111111100111101111011111101111100011011101111111111111011111101111010010111011101111111110110011110111011011011010110110010010000011111100100000000001
1100010010000000010010010000000000000100001000100100000010011010000000000001000000000100000000000000000001100000000000001000000000001000000000000000000100001010000000000000000000010000110100000010000110000000000000000000000000000000000000000000000000001
1100010000000000010010000000011001000000011001100110100000000100001010000000000110000000000000000000000100001000000010000010000000000000000010001000000000101000000000000000000000010100010000000010000010000010000010000000000000000000000000000000000000000
1100010000000100010010010000011000101001111001110100100000100011000001000000000111000000011100100001110101111100000100001010000000000010000010100101001010100011100000000000001000010100000010000000010000011011000000000000000000010000001000100001000000001
1100010010000100010010010000010000001000000001000000001100101000000001000000000100000000101000000000010111010001000000001010000000101010000010100001000000011010000000000000010000010000000000010100000000001001001001000000000000000000000100000000000010000
1110110110000000010000000001000100011100101001000101100000001111000000000000000111000000011000101001010101110100000000001000000000001000000010100000000000000011100000001000001000010100000010000000010100100001000000000110000010000000000100000000100000001
1111111111111101110111111111111111111111111111111101111111101111111111011101111111010111111111111001110111111111011101011010111110111110111101101011111111111111111111111011110111011101110110111110111100111111011111110110111110011001001110001101010011001
1110110000000100010010100001011000010001101000100100101010101010000001001000000110010100111100100000010111110100000000001000000000000010000010100001011010100001100100010000000000010100000010000100110000001001001000100110011000010000000110000000000000001
1111110111110100110010110011111101101111101111110111111110101111111001010101100110010101111101011000010111110100111000001010100000000110011111011111010101101010101110000111010011011100010010110110000110000001111011010100111010000000001100000100000010001
1000010100000000010000110000000100000000100000010100100010101010000001000000000101000100000100100000000100100000100000001010000000000000000000100000001100000000000000000000000000010000000010100000000000001001001000000000000000000000000000000000000000000
1100010110010100110010011001011100011101101011110100111010101111000001000001110111000101111100111001111111110100000100011010110001101010100010100001001000111011100100000001000011010100110010101110010100110001001010000000010000010100001110000000000100001
0100000000000100000000010000010000010100001000110100111000100000000100000001000100000000100000110000000000000100000000001000000000000010010000100001001000000010000000000000000000010000000000100100010100000000001000000100010000000000000000000000000100000
1100110111010100110011100001011111010101111111110101101110111011100001001000001111001011011100101000000111111001100000111010000000001010000010100001001000100010111000011011010011011110000010110110000100001011011000000010010010011000000111000001000000001
1111111111011110110011111011111111111111111111110101111110111111101011011101111111111101111111111100110111111111111011011010111110111110011011101110111111111011111111111011011111011111111010111111110111110011111011101100111011011010010110000001001101111
1110010100010100110010010001010010101100000000000100101000100011000000000000001010000001011000101000000101110100000000001000000000001010000010000001000000000001100000000000001000010100100010010100010100100011100001000100010000010010000110000000000000001
1111110110000100010000100001001100001101110001110100100010100010000001000110000110000110011000100000010100111100100000001000000000101010000011100001001000101011100100011010000010010100001010100000010000101001000010000000000000010000000110000000000000001
1110111110011100110010110001011101101111111111110101111110111111001001011101011111011001010101100000110111111100111101011010101001000010010011011111010111101101001111000010010111010100111101110100010100100101010111000000010000011100001101001100000010001
1100110110010100110010100001011110111001100010010101010110111110001001000000010010010001111000100110000001111110000000011010000000000011000010110001001000101101100100000000000000010100010000000100010000000001101101000000011000010010000110000000000000001
1100110111010000110010110001111111000111101101110101111010000111000001000101010110010010010100000000110100110100100001010000001000000010010011000001001001001010011000000000000000000000111000100100000001010001000100000010000000010000000100000000000000011
1100010110000100000010110001010010011001101101110100000000001010001001000000000010000000010000100000000101100110000000011000100000000010000010100001001010111011100000100000000000010100000000000100010010111100001010000000010000001000001000000010000000001
1110110111011101110010110001111111100111101101110101111110111011111001000110011111011101111110100001000111110100100101011010101100100010110011101011011101011010101000110000110001010100100011010100000111101011100110000100010000100110001110101011000000111
1100110100011101010100010011001011001101100100100101111110101000001001000100000110000100011000101000010001110000000000001010000001000010001010001001000001100011011000000001110000010000001001010100001000100101001000000000000000000000000010000000010010001
1110110110011100110010110001011111111101101111110101101010111110001101000101111111010001111101111000110111111101100110001110100010101011101010101001011111100111101101010011001011010100101011010110011010111111011001100000111000011000000110100001000000001
0100010100010100010000000000010000000000000000000100000010001010000001000000000001010000000000100000000101100000000000001000000000000000000010000000001100001010000000000000000000000000000011000000000000000001000001000000000000000000000000000000000000001
1111111110011110110010111001111111101111111111111101111110111111001001000101111111111111101110111000111111111100000100011000100001000011011110101111010011111101100111101011001001011101111010110110110100110001011110110001010000010100000110100100000000011
1111110110111100111110110011111111010101111111110101111110111011001001000000011111010111011010101001110101111111100110111010100100010010010111001001111101011010100101001001100101010100110010110110010110110111101111100100010100010000010110111000000000001
1111111111011111111011110101111111011111111101111111111110111111101111111101111111111111111111101111010111110100111101011010110110011110010111101011110101101011011111010110100000111111111011110111100111111111010111111111111000010100000110101101010000101
1101010010010100110000110001010110100101100101110100010110101110001001000100011110010001100001100000010110111000100000001010100000101010000010000011000010010000100000000000000000011100000010000100000000101000001011000000001000000000100110000000000000001
1000110110010000110011111001001100111101101010110101101010101110001001000100010111000001110101100000000101111100100001111010000100100010000010100011001010111000100100110000000011010100000110000000011010110001010000000100000010000000000101000000000000001
1100010110011100110110111001111100111000111001110100111010101110001001000100000111010001001110110000000111111100100000001010000000000010000011101001011100001011101010000001000000010100110010000110110100101101010010010000001000011100010110000000000000001
1100010010000100000000000001001100010101101000110100100010111010001000000000010011000001000000101000000110110100100010001010000000001000000010100001001000000010100100000000100000010100001010010111010000011001111000000000000000000010000100000000000000001
0100010000000000010000000001010000010000100000000101100010110110000001000000000010000001011000100000000001110100000000001010000000001010000010000001001000001011100000000000000000010100000000001100010100100001101001000000010000000010000110000000000000001
1100110100000100110110000001010000001000011000100100111000110110000000000000100100000000010000000000000100100000000010000010000000000010000010000001000001100010001000000001000000010000100010000000000001000000000000000000000000000000000000000000000000001
1101010110010100110010110001011110110111101011110101111010101011101001000100000111010101111100101100010111110110100100001010010000001010000011000011010000101000101000000000001001010110100010000110110100011001011000000000110010010000001110100000000000001
1000110010000100010000000001001000100001101000100101100000000000001001000000000001110000101110101000010101110000000000011010000110100010000110000011010000000011000000000001000000010010000000000000000000010001100100000100000000000000000100000000000000001
1100010000000000010000100011000100001001101000010100100010000110001000000000000011010000000100000000010001000100100001000000000000000000000000100000000000000000100000000000000000000000000010000000000000000000000010000100000000000000000000000000000000001
1100010010010100010000100000001000010000111011010111100010111010000000000001001110000100011101100000000001110000000000001000000100000010000010100011011000001010100000000000000010010000001010100110000100000001000000000000010000000000000101000000000000001
1100110110011000110000110001111001110101101111000100001110101100000001010001101101010000110100100000110111100101000000001010000100010000000010101011000000011011000100101000011010011111001000000100000010110001010000000000010001000000000000000000000001001
1000010000000100110000010000010010100001100001100100111010111010001000000000010011000000000100101000000111110110000000001000000000000000000010000000000000110001100010000000000000010100000000000000000100010001000000000000000000000000000110000000000000001
1100110110010000011010110001010111001100111000110101101010111000000001010100011111010001011001110000000101111110100100011010101010101010001010100011001000110000000000000001000000010100101010001100010100001001111011100110010010000011000110100100000010001
1110010110010100100000010000000000100110101001100100000010000000000000000000001000000001011000100000000100110000000001001000000000000000010100000001100000001010000000010001000000000100000010000000000010100001110000000000000000000010000010000000000000001
1000010000000100010010000000010000000000100000000100000100000000000001000000000001000000001000100000100100110000000100001011100000100010000010000001001000000001000000000000000000010000010010000000000100110001001000000000000000010000000100100000000000001
1110110110010100110010100001110100001001001101110101100010111011001001000100010110110001000110110000010101110000100000000000100000000110000010101011011000001000001000000011000001011100000000110000000100000010000011000100000001000000000110000000000000001
1000010110000100110010110001001110010101100011110100100110100100000000000000000111000000111000100000001101111110100000001010100001011010000010101011001000101011001000010000000010010100000010011010010000110001011010000000100010000000000100000000000000001
0000010110010000000000000000000011000101000000100100100000000010000001000001100110010100000000000000000101100000000100001000000000000000000000000000000000000000100000000000000000010000000000100001000000000001000000000000000000000000000000000000000000001
1110111111011111110111111111111111111111111111111111111111111111101111011111111111111111111111111101111111111101111101011111111111111111111111111111111101111011111111111011110111101111111111111110011111111111111011110111111011011100001110101010000100101
1100010010011000110010010001010110111111110101100100101010000111110001000000000111011001010100100100100101111100000000001010110000011010000010100011000000000010110000000001000010010000001010110100010100101011000010000000010010011000011110000001000001001
1110111111011111110011111011111111111111111111110101111110111111111101011101011111111111011111111101111111111111100101011011111111111110110111101011111101101011111111010001111011010000111110110111110111111101011011111100001010011000010110000000010000101
1100110010000000010011000000000001000000100011000100001000000000000000000000000100000000001100000000000000000000000000001000000000000000000000000011000000000000100000011001000000010000000000000110000000000000000000000000000000000000000000000000000000001
1111010010000000011010100001000000010100001000000100100010000010000000010000011110000000110000000000000101110100000000001000000000000110000010000001000000000010100000000001000000010000000010000100010000000011000010000010000001000000000010000000000000001
1100010110011100110110010001011000111101101001110101110010101111001000000001111111001001001110101000010101110101011100011010000100101011000010001001101010101011100100110000010000010100000010000110010111111011111001010000000000010010000110100000000000001
1100010010010100110000100001001110111000101000000100101110100110000000000001010110110101101000101000010111110100000000001010000000000011100010101001001110000011100100000000000100010100000010000100010000111001011000000100001000010000000100000000000000001
1110110110000100110010110001011000110001101101110101111010001011000001000101000110000000011000100000000101100100000000000000101000000010000000000001011010011010100010000011010000011100000000100110000010000001010010101000000001001000010000000000000000001
1101010010000100100000110001010101101111001001010100110010000011000001000000000101000000001100000001000101110100100001011000000000101011000010000000001000000000001000000000000000010100000000000010000000100000000010000000000000000000000010000000000000001
1111111111011110111011110001111111110101111111111111111110111111111101011101011111111101111111111000111111111100111101011110101101111110010111111011110000101111111110110110011101011101110000110110011110100011011011110111101000000100010010000001000000001
1100010110010000010010000000010000010000100110110100100010101010000001000100000110000000011000000000000001101000000000001010100001000010000000000000001000111100100000000000000000010000000000000000000000110001000000000000000000000000000000000000000000000
1100110110010100010000110001011110110101101111110100111110101110000001000101110111010101011100010000000111111101000000001010000000010010000010111111011010000011100000000010000010111100001010000100011000111001111001000100010010001001000110000000000100001
1110110110010100110010110001010110111101101101110101100010101010000011000001111110000010111000100000000111110100100000001010000000001010001010100011101000111011100010000000000011011100000010000100000000101001001000000000000000000000000100000000000000001
1000010110000000100000010000000001100100111000010101101010000000000001000000001000000000010000000000000111100000000100000000100000001000000010001001000000000000000001000000010001010000000000000000000000100010000011000000000000000000000000000000000000001
1110111110011110110011111011111111111111111111110101111110111111001011011101011111111101111110111100110111111101011001011010010010101110001011101111101111111011110111010011010000011111111010110011110111110011111011101100110010001010000110000001000000111
1100010110010100110010110001011010110101111101110101110111111110001001000000011111010101111101101001010111111101000001011010100000001011100010101011000000001011100110010010000001010110101110000100010110101111110010010110000010011010000110000001000000001
0100000000010100100010100000000000000100000100010100100010000010000000000001100010000100000100001000000100001100000000000010000000000000000000000001000000000000100010000000000000100100000000000100010000110000000000000000010000000000000000000000000000001
1100110100000000010000110001001001000100101100010100100110101011000100000001001010000001100100000000000111011100000001000000000000000000000011000001000000000010100100010000000000000100000000000100010000000000001010000000000000000000000100000000000000001
1111111111010100110010110011111111101111111111110110111110001110111101011111010111010001110110111000100111111110000101011010110100000010010111001101111101001011001111010000010001011101110010100111100110111011010011000000010000000000000010100000000000101
1100010011010000000000010001010001010100111001000100010010101101100000000100000101000100010100000000000100110000000100000000000000000010000010000000000000011000001000000000000000010000000010100000000000000000000010000000100000000000000010100000000000001
1110110110011100110011111111111111110101111111110100111110011111001001010100001111011001011101101000100101111110100100001010110000000011000110101111101000100011100101010010110110011100100010000110010000111001011011010010000000000000000110100000000010001
1100000010011000010010000001010001001000101010110101100000111010001100000000001110000000001001100000100001110100000000001000100000000011100000100001000001101001101000000001001000010100101010000110010000100101011001000000000000010000000010000000000000001
1100010000000000000010000000000000010001100001000100000000101110000000000000000011000000001000101000000101100000000100001000000000000000000000000001000010100000100000100000000000010100100000000100000000001001000001000000000000000000000000100000000000001
1110111111010110110010110111111111111111101111110101101110111111001111011101011111010011001010101000110111111101000100011110101001101010000110001001111001111011111101000001001101011100110111111111010110001001011111000110000001001000000100100000000000001
1100110110010000110011110001010001000101111001110101110110110110101110010101111111010000010110100000110111110100000101001010110001000110010010001001000011001011101010011001100101010100110001100101010100001011001011000100100010000100000110100100000001001
1100110110011110110010111001011111000101111101110100111111011110100001001101001111000101000100101001000101111100100100011010100100011010011011010010010001101000110110010000010000011100110000110010010101110001000011000000000000000000001100101000000000001
1000010010000100000010010001001000010100001100100101100010001010001000000000010010000000011000100000010101010000000000001010000000000000000010000000001001011001100100000000000000010100000000000010000010000001000000000000000100000000000010000000000000001
1110010110010100110010010001010010011101111101100101111111100011100001000000010111011001101100101000000101110100000000001010000000011010110010000011100000101001100000000000000010011001100010001110010000010001000001000000100000000000000100000001000000001
1111111111011110111011111011111111101111111111111101111110111111111011111111111111111111110111111001111111111100111101011110111111110110011111111011111110111111101111011011111101111101111011110110010111111110110111110000100000000100010010100100000010011
1110010110010010110000110001010111100111101001110101111010001010100000011101010100000101001000011000110111100100000010001000000000000000000000100001100100100001000011001000011000010000100000100110000000000001010000000010010000000010000000000000000110001
1111010110010100110010110001011100010101101100110100101011100110001101000000011110010001011100101100010111111100000001011010100000010110000010100011001000001010101110010001011001010100111010100110010110100001100010000110100000010010000010000000000000001
1101110110010010110010111011010101101111111111110100111110101111001001010101000111010000011010000000010111110100000101011010100000000110001011111111000101011011010011010000010101010100110010110100100110110000000011000000100000010000011010000000000000101
1000100000000100110000000000000000000000000000100100110000000010000000000000000011000010001000100000000110110000000000010000000000000000000010000000001110100011100000001000000000000000000000000000000000100001000001000000000000000000000100000000000000001
1100110111011100110110110011011010011101111101110100111010101111001101010101110011010000111110100000000101111100000000001010100001101010100010101001011001100011110100000100010011011101001110001110111100111001011001000100011000010000001010000000000000001
1110110110010100010010110001010011011101101111110100101010110111101001000101110110110100011000101100010101110100011001011010100000000010001010100001101100001101110001000000010010010100100010101100010111111011001110010100010000000000000110000000000000101
1100110000000000110010010001000000000100100000000001100000101011000000000000000010000000001000000000000101110100000000001000100000001000000011000001000000001011100000000000010000010100001010000100000000000001000000000000000000000000000100000000000010001
1000010000000000000010110000001001110000111100010100100100000010001000000000000111000000111110100100000101110000000001001000000000001010000010100000000000000010100100000000000000010100100010000010000100000001000001000000000000010000000100001000000000001
0100010000000000010010100000000000001100101001000101101000000010000000000001000010000000001000000000000100100000000000001000000000010000000000000001000000000000100000000000000000000100001000000100000000000000000000000000000000000000000000010000000000001
1110111111010000110010110011011111001101101101011100111010111011000000000101100111110100011100000000100111110001100000011010100000000010000111100101100000100001101000001100010010010100010010100110000000110000010011000000000000010000000000000000000000001
1000011100000000010000110001010001010000101001010101000000000011000000000000010010001000101100000000000101100000000000001010100000000010000111000010000010000000100000000000010000010001000010000010000100100000110000000000000000000000000000000000000000001
0000000000000100000010100000000001000000000000000000100000100010000000000000000010010000001100000000000000000001000001000000000000000000000000000000000000000010100000000000000000010000000010000000000000000000000000000000000000000000000000000000000000100
0100010000000000010000110001001011000101101000000100101010100010000001000000010011000001011100000000000111111000000100001010000000001010000010100001000000001000100000010000000001010000000010000100001000010011011000000000000000000000000110100001000000001
1110110110000100110010111011111111010101111111110101111110101010001011011101001111110001011110110100100100111100000000011010010000001110000011101111101101101011100001010011010000011000000000100101010000000000100011000000000000000010000000000000000000011
1100010110000000010000000001001110000110100100110100000110000010000001000001000010001001010000000000000100100000000000001010100000010000000011100001000100001000110100000000000000010100010010000000000000000000000010000000000000010000000000000000000000001
0000000000000000000000000000000000000000000000000000000000000000000000000000000000000000000000000000000000000000000000000000000000000000000010000000000000000001000000000000000000000000000000000000000000000100000000000000000000000000000000000000000000000
1100010110000100110010110001010100001101001111110100110110101000000010000001011110010001000101000000010101011001000000001010110000000010000110100011000000000000001000010000010001011100000000100110000000010000000000000000000000000000001100000000000000001
0100010010001000000000010001000000000000000100000100001000000000000001000001000100000000100100000000000000000100000000001000000000000000000000000001000000000000000000000001000010010001001000000000000000100000000000000000000000000000000000000000000000001
1000000000000100000000000000000100000000000000010000011000000000001000000000000000000000000000000000000100100000100000000000000000000000000000000000000000100000000000000000000000000000000000000000000000000000000000000000000000000000000000000000000000000
1111110111011110110110110001111111001101111101111111111110101111001100001000001111010101010110001100110111110100100100010000011110000010010011001011111110001011100100010000000100011100110000000010000010000000011010010100001000000000000100100000000000001
1100010110000000110010110001011100000101001101110100101110101110000000000101001100011001000000100000010101110101100001001000010000001000000010000011001001001000000100000000000000011100001000100110000000100000000000000000000000000000000010000000000000001
1000000000001000000010100001011100000100100000010110100000000010001001000000000010010000000000101000000101111000100000001010000000100000000000001000001000100010100100000000000000010000000010000000000000010001000000000000000000000000000010000000000000000
1110010110010010110000110001010111100111101001110101111010001010100000011101000100000101000000011000110111100100000010001000000000000000000000000001100100100000000011000000011000000000100000000110000000000000110000000000010000000000000000000000000010001
0100000000010001110010010000000000000100000000000100000000000100000000000000010100000000000000000000000000000000000000000000000000000000000010000000000000000000000000000000010000000000000000100000000000000000000000000000000000000000000000000000000000001
0000000000000000000000000000010010000001000000000000000000000000000000000000000000000001000000000000000000100000000000000000000000000000000000000000000000000000010000000000000000000000000000000000000000000000000000000000000000000000000000000000000000000
1100010010010000000000010001001010000111001101000100001010000000110001000000000100000100000000000000001111110000000000001000000000010010000000000001000000000001000100000000000000001100001010000000000000000001001000000000000000000000000010000000000000001
1100010010000000010011110011000010000001100101100100110000100111000001000100000111000001001100001001000101100000000000000000000000010010010010101000001001100000000000010000000000011000000000000000000000001000001010000000000010000000000000001000000000001
1111111111010100110010111111111011100111111111111101111110101111111111011101011111010101010111011000010111111100011101011010111110111010001111101011111110101011111111011010110111011100110000110110100100111010000101110000100010010000000010000000000000001
1101110110011100110010110011111111101111111111110101111110111011111101000100011111011101110100111000010111111100100101001010111111111010000011001011110100111011110101010000111010011101100110100110011110010101011011000000100000001100010100100000000000011
1000110110000100010000100000000000000000001100000101000000000000000000000100000100000000000100000000000000000000000000001000000000000010000000000010001000000000001000000010000000000000000000000000000000000000000000000000000000000000000000000000000000001
1100110010000000000010010001000101000101101001000101100110100110000000000001000011000101000000100000000111110100000100001000000000000010010000000000000000101011100000010000010100010000100000000000011101111001000000000000100000010000000010000000000000000
0000000000000000010010100000000000000100000000000000101010000000000000000000000000000000000000000000000000000000000000000000000000000000000000000000000000000001000000000000000000000000000000000000000000000000000000001000000000000000000000000000000000000
1000000000000000000000010000000000000001000001100100000000000010000000000000000011000000001001100000000100100100000010000000000000000000000010000000001000100001100000000000000000010000000000000000000000001000000000010000000000000000001000000000000000000
1100010010010100010010010001010000000000101000000100100000000011100000000000000011010000011000100000000100100000000000001010001000001010000010100000001000000010100000000000010000000000000000000000000000010001000000000000000000000000000000000000000000001
0000000100000000000010000000000010000110000100000100000000000000000000000000000000000000000000000000000000000000000000010000000000000000000000000000000001100000000000000000000000010000000000000000000000000000000000000000000000000000000000000000000000000
1100010100010100010010010000010000001101111101100101111111000011100001000000000110011001101100101000000101110000000000001000000000010000010010000011000000101000100000000000000000001000000010000110000000000010000000000000100000000000000000000000000000001
1100010010000000000000000001000000000000001000000000000000000000000000000000000100000000000000000000000000000000000000000000000000000000000100000000000000000000000000000000000000000000000000000000000000000000000000000000000000000000000000000000000000000
0000010000000100010010011001000000000000100000000100100000001011000000000000000010000000000000001000010100000000000000001000000000000000000010000000000000010000100000000000000000000100000000000000000000000000000000000000000000000000000000000000000000000
1000010001000000100000000000010000000000000100000000000000000000000000000000000000000000000000000000000000000000000000000000000110000000000000000001000000000000000000000000000000000000000000000000000000000000000000000000000000000000000000000000000000001
1100000010000000000000010000001000000000001100010100011000000000000000000000000100010000000000010000000100000000000000000000000000000000000000001101000000000000000000000000000000010000000000100000000000000000100000000000000000000000000000000000000000000
0100010000010000011010010000010001000000010000000101100010101000000000010000000010000001000000100000000101000000000000000000100000001000001010100000001000010000000000000000010000000000000000000000000100000001100000100000000000000010000000000000000000001
1000010010011000000000110000000000110101000101000100000010100000000000010001101000010000000000100000000110100000000000001000000000010000000010000001000000000000000000000001000000001000000000000000000000010000000000000000000000000000000000000000000000001
1100010000000000000010001000000001100000100000000100000000000010000000000000000010010000000000100000000001100100000001001000000000000000000000000001000000100000100000000000000000010100000000000100010000000000001001000001000000000000000000000000000000000
1100110100000100110000100001100000000100000000000100000000000000000000000000000000010000000000000000000000111000000000011010000000000000000000000001000010100010000000000000000000000000000000000100000000000001000000000000010000000000000010000000000000001
1111111111110110111111110111111111111111111111110101111110111111001101011101111111111111111111111111111111111111111111111011101111111011010111101011111111111111111111111111111111111111111110111111111111111111111111111110111011011011011111000101001011010
