0101110111111110110110110111011111111111111111111111111110111111111011001101111111110101111101101110110101111111111110111011110100101010111010111011011111111011111000101010111100010101101110001110011111111111111110110100011010011010000111001000100000001
1010111110011100110111111001011111111111111111110101111010101111001011011101111111011101111111111100110101111101111111111010011111111010110111101111101111111011110110110011010010011100111011100111010111111011111011000100111010010011001110100101100100101
0100010100000100100000000000001010001101100000000100100000010000000000000000001001000000010000100000000000101100000000001000000000000000000111100001111000000001000000000000001000000100000000010100010000100010000000000100010000000000000000000000000000001
1000000010000100010000100000001010110100100000000000000010000000000000000000000100000000001000100000000000010000000000001000000000000000000000000000010000000010010000000000000000000000000010000000000000000000000000000000000000000000000010000000000000001
1100010010000100110010110011011001110100101000110100110100101111001001000100010111010010011100100000000101111100000000011010100110000010000111000011001110110011101000001000000010010000000010010100110100110001001111100000000000010000000100000000000000001
1110101111010110111111110111111111111111111111110111111110111111001101111101111111111111111111101001111101111111111111011011111110111010111111111011111110111011101101111011110111011111111110111110011101111111111011011100011010011010010110100101101000011
0100010000000100000000000000000000000000000000000100000000000010000000000000000010000000000000000000000000110000000000001000000010000000000010000001000000000010100000000000000000010100000010000100000000000000000000000000000000000000000100000000000000001
1110010010000100110010110011111011111101111110110101100010101010001001000100001111010001111111101001010101111111000000011010100001001010000110111011101101111011101100010000001011010100101011000110110100111011011001000100010010010000000111000011000000011
1101110101011100110111110101011111111111111111111101111110111110111001001100011111110001111101111000110101111100100110111010110000011010000110101011001011101011111000000000001000010111100010111110011110101101010001000100000010011000001110100000100100001
1000010010000000000000000000000000000000100000011000000000010010000000000000000010000000000000100000000000100000000000000000000000000000000000000010000000100000100000000000000000000000000010000000001000100001000010000000000000000000000000000000000000001
1000000000000000000010000010000000000000010000000000000000000000000000000000000000000000000000000000000000100000000000000010000000000010000010100000000000000001000000000000000000000000000000000000000000000000000000000000000000000000000000000000000000000
1100010010000111000010110001010010000101101010100100100011011010110011010001100010100000000000100000000100100100000000001010100000001000000010001001000010111110100000010000011000010100000010000110010100100000010001000000000000000001000000000000000010001
1100000010000100010010010000001000001000101000100100100000011000001000000000000100000000001001100000000100110000000000001000000000000000000000000001001000011011000100000001000000010100100000000100000110001000000010000000000001000000000010000000000000000
1111111110011010110010110001111111111111111111111111111110111111001001001111111111110111111110101000011111111101111111111111110000101010011011101111111101111111110110111010101111010100111110110111010100101111010111000001010010110000000111000101010000011
1000010000010100000000000000000000000001100000000000100000000000000000000000000000000101000000000000010000010000000000001000000000000000000000000000000000000000000000000000000000010000000000000000000000000001100000000000000000010010000000000000000000001
0000000000010000000000010000000000000100000000000000100000001010000000000000000010000000000000000000000000000000000000000000000000000000000010000000000000110000100000000000000000000100000000000000000000000000000000000000000000000001000000000000000000000
1110110110000100010110000001110010100101100101000100100010111011001001000000011111010101010101100000100101111000000000011010100100101010000010100011101110001010111000110000001011011100001010011111000100111011011110100100010010010001000010000000000000001
1101110110001100100110111101011111111101101111110111111110101111001001000001011111011011111101101110010101111111111000011011100100101011100010111011011110111011111100100010110111011100111011010110010110111011011111101000011010010001001110010100010000001
0000010000000000000000000000000010000000100000000101000000001000000000000000000000000000101000000000000100100110000000000000000100100010000000000000000000000001000000000000000000000001000010000000000000000000000000000000000000000000000000000000000000001
1100010010000000110010010000001000000000100000000001100010001000000000000001000100010000010000100000000100110000000000011010000000000000000010000000000000010001000100100000000000010000100000000000000000000000000010000000000000010000000000000000000000001
1100110110111100110101110001011111101101111111110111111110111111111001001000011111111101111100101000111101110111111111011110110100101110101011101011101111101011101100100000000010010101101011010111010110111111011011111101010010011101001110110011010000101
0100010010000000000010010001000100000001100000100100000000100010001000001000000110000000011000000000000001000000000001001000000000000010000010000001000000000000101000000000000000010100000000000100000000000001000000000000000000000000001000000000000000000
1101110110010100010010010011011011111111111011000111101010100010001001000101010111000100111110101000000101111111011000011010100100011010000011110011001000100011111100010110010011010100001010010100110100101001011011000101010010011000000111010000000000001
1100110110011101010111101111011111111101111101110101111110101111101001000100011111010101011100101001010101110100100100001010000011111010011010111101101011111011111100000001110001011100101010011110011100101111011011000000110010010001011110101001010010001
0100000000000000010000010000011001000000000100010000000000001110000000000000000000010000000000000000000000000000000001000000000000000010000000001001000000000000000100000000000000010000000000000100000000000000001000000000010000000000000000000000000000100
1000010010000000010000010001010000001100100000000100000000101000000000000000000000000000001000100000000101000000000000000000000000000000000000000000000000000000000000000000000000000000000000000000000100100000000000000000000000000000000000000000000000001
1000110100100000000000110001000010010001010000100100100010001000000000000000000000000000010000000000000001110100000000001000000000000000000010100001000000010001000000000000000000000000000000000000010100100000001010000000000000000000001010000000000000001
1100110110010100110011110110111111110101101101110110111110111011001001100101011111010101011010101000010101110111100100001110101000111010000110100001111011111011100001001100010001011100101010100110010110111101101011000100001010011110011110100100110000011
0000010100000100100000000001001000110000100000000100000000000010001001000000000010010000000010000000000000110100000000001000000000000010000000000000000000000010100100000000000000000100000010000000010100100001000000000000000000010000000000000000000000011
1100110110010100110010111101001110111101101100110100111110111111100000000100011111000011011101100000010101111101100010001010101100101010110011101101001000101010110000010001110110010100101011110110010100101011000011000100000010011100100010000101000000001
1111110110001100010110111001110100111101111010110101111010101010001001000000000111010111011110110000010101111101100000011010000001000100100011101011011100111001101100010010000000010100000010100110010100101101010010010000100000010000000110000000000100001
1100010010000100010011010001011000000001110101110110111000100011001001000100011111000100110001101000000101110101100000001010000000011010000100111011011100101010101100010000010011011100010010110100010100001001000000000100011010101000000010000000000000001
1111010110010100111010110011010001100101000111110100111110001011001011100100011111000001111001100000010101110110000000011000100100100010000010000001100001110011110000000000100001111100000010100110010000100001000011000100000000000000101010000010000000001
1100110110000100010010111001000010111001101001100101100010101010001001000000000111010011011001100000000101110110000001101000000000100010100010100011001010011011100000000001010000010110000110001100110010111001100001000101110000000010000100000000000000101
1101110110000100110010110001111011001111101101100100100010001011001001110100011101010100011001100110000101110101000001011000000100100010000010100001000100101010010100001000101000011100111010110110010100100001000000000000000000000000000100000000000000101
1101110110000100010000110011111001000111101101110100111010100111001000000001000100010101100111000000000100100000000000000000000000010010000110001111000100001001000101000010000001011101101001000110000101100110010011000000010000000000000000000000000000001
1110010110001100010010110100011001100101111101110100111010111011000000010100000110000001011000100000100101110100000000001010010000000010011010100001110001010010000100100000010000011000100000000100010000100011000011000100000010010000000000000001000000001
1111110110010101110010110101011010111011101111110111101010101010001101000101100111000001111000101000000111111111000100011010000000101010000110101111101000111011111010010000010000111101000110111110110100111101111011101100110010011011000110110010000000001
1100010010000100000000100000000000110100100000000100100000000000000000000000000000000000011000100000000101110001000000011010000000100000000010100001000000100010000000000000000000010100000100000100000000000001001000000000000000000000000100000010000000001
1110010110010110110011110011011111111100111101100101111100101011011001000000010111010001011100101101011111111111000010011010000100110010000011101011011101111001111010001000100011011100000110110110000100101001101011000100010010010010111110001000000000001
1111110111011110111111110101111101111111011111110111111111111111001001001101010111111101110111111000011111110101011101001000110000111010000110001011011001111011101011011111110100010000111011111110111111000011011011110110110000000000001110100001000000101
1100010110100100000010110010001100001001100101010110100010100010000001000011010010000000010100100001100100111100100000001010000000000010110010000001011000000011100100000010000000011000000010000100011000001001000010010000010000010000000010000000000000001
1100110110011100010010110001011001111101100111110101111010111111001001001001001111010101111101111001110111111101000000001110100110011111100111101111001011101011101110010010011000010101111010100110010110111101111011000110110010011010000111000100100100001
1100010110000100110010011001010110111101111011110101101100001010000001000000010111000001011100100100000111111100000000011010000000010010000010100011001011111011110000000000000010011100001011110110110100101111010011000100011010010000010101000011000000001
1100010110010100010010100000001010000100101101110101100110111010000001000001000100000000111000100000000101110110000000001000100000001010000010000001001100001011001000010010000001010100000011100100010110100001001001000000010010000000000110000000000000001
1100010010000100110010110001000111111101111110110100101000111111110101000000111111000001111100101100100101111100100000001010000011011010111110101011001001101011110000010011000011011100100010110100011101101011001011001100010010010000011110001001000000001
1100110110011100010011010011011111111101101111010101111010101110001001001000010111010101111100101001010101111111011000011000100000110011100011101111011001111011110110111000100010010100100010000110000100101101111111000000011010010010001110001000000000001
1100110111000100010010011001011110011100111111100110111100111010001101000001011111000101111001111000000101110101100000001010100110001010010010111111011001101011101100010010010011010100100011110111110110101001101011000100010010111010000100000000000100001
1000000011000100000000000000000000000000000000000100000000000010000001000000000010000000000000100000000000000000000000001000000000000000000000000000000000000010100000000000000000000000000000000000000000000000000000000000000000000000000000000000000000000
1110111110011100111011110111111111111111111111111011111110111111111111011111111111110101111111111100110101111111100111011111111101111111110111111111111111111011111111111011111111111101111111111111111111111111111111010110111011011111010111101111000111111
1000010000000100010010100001000100000100110000010100000010100010000001000000000010000000001000100000000000111100100000001010000000000000100000100000000000000000100000000010000000010000000010000000010000000000000000000000000000010100000000000000000000000
1100010110000100011110110000001001000101101110100100111110111110000000010001011111100001111100101001010101110000000110101010000110100010000110100011001100111011101000010010010010010100101010011110000010110111100000001010010000010010000101100001000010000
1110110110011111110110110011011111111111111111110101011010111111001101000101011111011101111101101000110101111111111100001010100100111010110111101111011010111011101110111010110011011101111111111111110110101111011011111101110010010100001110110101010000001
1100110010000100010010010001011110011001101000110101101010111110001000000100000111110001010000110000000100111101100010011000100110100010000010100101001110110010100000110000100000010100101010100110010100000011100110000000010010100010000100000001000100001
1100010010000100010010110001011110011101101101110101110110101010001001000001000011010001111000111000010101110100000000001010100000011010001011101101100010111011100000010001000000011100010010101100010100101001111001001000010000111010000110010000000100001
1000110010000100010010010001010010000001100110010101001010101111001000010000010101010000111000101000000001110001000100011011100100110010000010000001001000110001010000000000000100010100000010100010000000111001001000000000000010000000000110100000000000001
1101010110010100110110110011011011111100111010100111111101101110001001000001010111010101111011100000000101111101000100111010101100111011000010111011011110111011111010000001110001010101011011011111011100111101111011000100010010010000000110110000000000001
0000000000010000000000000000000000000000100000000000000010000000000000000000000000000000000000100000000100000000000000001000000000000000000000000000000000000000000000000000000000010000000000000010000000000000010000000000000000000000000000000000000000000
1100110110000100110011110101011101011101111011110111111110011011001001000001011110010100011101111000010101111100011101001100100100000010011011100111011100111011101011010011100001010100110000110100000011110001011001000101010010011000001110000000000001001
1010010011011100100010000001010000001000101011010101110000101011001000000000000111000000001000101100010100110001000000001010100000001001000000000010000000100000100011000000010010010100000010000000000000111001000001000000000000000000000010000000000000001
1100110110011101111110011111011011101101101111110101111110110111001001000100001110000101011001101000010101110101000000001010000101101010001011011011001101111011111100010011110010010100101011110110011111100101101010000100010010010010000110000000010010001
1100110010000100010010011000010000010000101001100101110110001010001001000100010111000000111000100100000101110100000100011010100100111010100010100001001110000010101001100101000001010100110010100110011101101001011010000000000000000001000100100000000000001
1100111111010101110011111001111111111101111111111111111110111101111011110101011111010111111111101110010101111101111111011010110000000111010011111011001110101011111111010110100000110101111010010111110111100111111111011011111000010110000110001001010000101
1100110000000100110010010001010110111001101001000100100100111010001001010000010111010100011101101000000101110000000000001000100000011010010110000011001010100010100000010000000000010100101010000100100100100011001011100100000000010000000110000001010000001
1000000010010000000010010000010000000000000001000100000000000010010000000000000000000001001000000000000001110100000000001000000000001000000000100001000000000000000000010000000000000000000000000000010000001000000000000000000000000000000010000000000000000
1000000010010000000010000000000000000001000001000100000000000010100000000000000000000001000000000000000101010100000000000000000000001000000000100000000000100000000000000000000000000000000000000000010000000000000000000000000000000000000010000000000000000
1100110110001100110011110001101111110101101000110100111110111111000001000000110110010000111011111000110101110111100111011010100000100010100010100001001101111011101110011000100010010100100010000110010110110101010011010000010000110000000000000000000000001
0000010000000000000000000000000000000100000001010100100000000000000001000000000100000000010000000000000001101100000000001000000000001000000000000100000000000000000000000000000000010100000000000000110000110000010010000000000000000000000000000000000000000
1100000000010000000000000000000010000000000000000100000000000010000000000000000010000000000000000000000000000000000000001000000000000000100000000001000000000000100000000000000000000000000000000100000000010001000000000000010010000000000000000000000000000
1100110110010100110010110001101111100101111111111110101010101111001100100100001110011100111101111000100111111000000101001010100000011010011011111001011101111001111001010000010000110100001011100100000100100011011010000000111000000100001010000001000000001
0000010000000000000000000001000010100000000000000000000000000010000001000000000110000000000000000000000000100000000000000000000000000000000000000000000000000000100000000000000000000000000000000000000000000001000000000000000000000000000000000000000000000
0100010000010000000000000000000000101000000000000101000100000011000000000100100011000001101000100000000001110000000000000010000000001010000010100001001000000000100000000000010000010000000000000100000100100001100010000000010000000010000100000000000010000
1100010010000100000011000000000000000000101000100100000000000000000000000000000000000000001000000000010000110100011000001000000000000010000001000011001000000000000000000000000000010000000010000100000000001001000000000000010000010000000000000000000000001
1100110110000100000000110001010110101100100000000100110000001110000001010000000110001000111100101000000001110100000000011010100000000010000010100001001000110010111000000000000000010100001010000100010100100001001001000100010000001000000010000000000000000
0000000000000100000000000000000000000000010000000100000000000000000000000000000000000000000000100000000000100100000000001010000000000000000000000000010000100000000000000000000000010000000000000000010000000001000000000000000000000000000000000000000000000
1100010000010100010100100001000000010100111010010101101010100010000000000000100111000001011000101000000001110000000000001010100000000000000010100100001010000000100000000010000000010100010010000000100000101001100001001100000010000010000100000000000000001
1100010000010100000000000000000000000100000001000100000000000000001000010001000001000000001010100000000001100000000000001000100000000010000000101000000000000010000000100000000000110000000000000000000000010000000010000000000000000000000000000000000000001
1100110010000100110010110001010110100001110101110101100110100111001000000000001111010000101101101000010101111100000001001000000000101010000010001001000000101011110000000000100000010101100010000110010000100111110011000010100010000001000100000000000000001
1110010110000100110010010001010110100000001001010101100000101010000001000000010100010000001000101000010101110000100000001000110000010010000010000001100000101011010000000001011000010000000010000000000110100001000000000000000010011000000100000000000001001
1101110110001100110111110001011111111101101111110101110110111111001101100101011011010111111101111000110101111101100001011110110000111010101111111111011010111011111100110011010011111100011111110110011010111001011000000100010011011001001110000000100100001
1100111111010101110011110001111111001101111101111111111010111111001011110101010101010111110111101110110101110100111101011000110000000110110011101011001100111011111111010110100011110101111011010111110111111111011111011011111010010100000110001001010000101
1110110110000100110010110001011111100101101101110101111110010111000000010001110110100101011001101000101101110100100111011001000000100010010110010011001000100011101100011101010101011000000100100110011100110011000110010000000000010000001110101100000000001
1000010010010100000010000000000000000000100000000101010000000000000000000000000001000000000000100000000101100100000000001000000000000010000000000000000000000010000000001000000010010100010010000000000000000001000001000000000000000000000000000000000000001
1100110110000100110110011001101001110001101000100100111110100011001001000000011110000011000110101110000101110100000001001000000100000010000010000001001100000011100100010001010000010100000010000100010100100001011001000101000010010000000000000100000001111
0100010000000000010010000000000000000000100000000000100000000000000001000100000000000000000100100100000011110100000000000000000000000010000000000001000000000000000000000000000000000000100010000100000100000010000000000000000000000000000010000001000000000
1100010000000110100010110001001100110000101000110100100010101011000001000000000111000001101000100000000001110100100000001000001000001101000011111001010000010011100000010000000000010100000010000101001000000001100000000000000000000010010110000000000000001
0000110000000100010000000000011001000000000000000000000000000010000000000000000110010000001000000000000000100000000000011000000000000000000010000000000010000011100000000000000000000100000000010000000000000000000100000000000000000000000000000000000000001
1100010110000110110010010001011011011101101101110101111010001010110000010001000111010100001100101100010101110101000010001000100000000010000010101001000000101010110100000000010000011000100010100110100100001001100000000000110010010010100100000000000010001
1100010110000100011010100000000110010100101011110101101110000110001001010100010110000100010000011000110101110100100000001000000000000110001011001101000100100000110000011000000001010001010000000010110000000011000010010010000000000000000010000001000000001
1110110110000100110111110011011111101111111111110101111110101111001101000101000111000000101100101000100101111000100001001010100000111010010111101011100111111001101000010001001001011101000011101110001100000101011011010000110000010000000100000000000000001
1101110110001100011011110101011011101111001111110111101110111111101001011101111101000111010110000100100101110000011000110011000001100010001110001011000100101001000101011010001101010110110110000110000110100110110111100001110000000000001000000000000000001
1100110110000100110010110000011000010001111101100101100000100011000001000100010110011001011001100100000101110101000000001010000110100010010010101011001000101010101100010011000010011100100010100111110100000001010010000101100011000000000111000000000000001
0100010100000100000000100001101000010000100000000100000010000010001000000000100010010000001000101000110001110000000000001010000000000000000000000001000000000011100100001000000010010100000010000100000000110001000010010000010000010000000000000000000000001
1100010110001000110000000000010111110000101000010100100010101011001001000000010111000000000100000000000000100000100000000000001000100010000000000001000000001000111000000000010000000100000010000000000110000000000000000000000010000000000000001000000000001
1111110111011100110110110101011111101111111111111111111111111111001001010111111111111101010110011001100111111100111101011111100000010010010111011101111101011011011111010011111010011100101010010110010111111110010011010000000000000000000010000100000000101
0100000010000000000000000000001000000000101000010100011000100000001001000000000100000000100000100000000101100100000000001000000000000000000000000101000000000000000100000000010010000000000000100000010000000000000000000000000000000000000000000000000100001
1100010110000100010010110001000100000101101001110101101100111011001001000101011111010001110010100000010101110100011001011110010000110010000010001001100000011011100010011000100000010100010010000101000100100011100001000000000000010110001110000001010000001
1100000000000000010000000000000000100001000101000100000000010110000000000000000010011001001100000010000100010100000000001000000000000010000000000001000100000000100000000000000000001100000000000100000000000000010000010000010000010000000000000000000000001
1000000000000000010000000000000000100000000000000000000000000010000000000000000010010000000000000100000000000000000000001000000000000000000000000000000100000000100000000000000000000000000000000000000000000000000000000000000000000000000000000000000000001
0000010100000000000000010000000000000001011000100001000000000000000000000000000000000000000000100000000100100000000000000000000000000000010010001000000000100001000000000000000000010100000100000000000000000000000000000000000000000000001000000000000000000
1100010010000000100010000000000000001000011001000100100000000000001001000000000111000000111010100000000101111100000000001000010000000000010000001001001010001001000000000000000000010100000010000100010110110001000000000000000000010000000000000000000000001
1100010110000110010010010001011010000001101000100101101000111010001000001000011110000001100010001000000001110000000010001000000000000000011011001001011000011011110000000001000010010100110010000110000000100101111000000000000010000010000100000000010000000
0000010000000100000010000000000000000001100000000000000000000000000000000000000001000000000000000000000100000000000000001000000000000000000000001000000000000010000000000000000001000100000010000000000000000000000000000000000000000000000000000000000000000
1100110110011100111110110101011111111111111111110101111011111111011001000000011111110001111100111101101011111101111111011010100000011010111011101011011011101011111110111000010011110101111110111111011101111111111011111110110010111010001110001101000010001
0000000000000100000000000000000000000101101100000000000000000000000001000000000000001000000000100000000100000000000000001000000000000010000000100000000000001010000000000000000000010000010010000000000000000001000000000000100000000000000000000000000000000
1100110110000100110011110111011111101111101111110101101110101111111101010101111111111101111110111000110100110100100001011010100100011010011111101011001000111011101101011010110001011100111110110110110111111111111011110100100010011100011110000000000010101
1110111111111100111110110011111111111111111111110111111110111111101101111111111111111111111111111001110101011101111111011010111111111011010111111011111111111111111110110011110111011101111111111110011111111011111111010100111000001110101110101100000000001
1101111110001110110110110011111111101111111111110111111110111111111001011101011111011101111110101100110101100101000101011011111101110010010110101011101110111011111110011010110111011101110110100110010110101110011111110100110010011000000110100001000000001
1110110110000100110000100000011000000101011101100110110010100010000101000000010100000000010000100000100100100100000000001010000000001010110000000011010100000011001100000000010000011100000011100100010100000001010010000000010010000000000000000000000000001
1110110110010100011010110011111111101101111111110110111010101110111100001110010111111101100100111100100101111010000001011000100000000010000111100101111111101011101010010000110001010100000110000111110110011011111011000000010000000010000010001000000000101
1000010100000000011010100001000011000101000010100100100000000000001000000000000000000000000000000000000000000100000000000000000000000000000000000001000001000001000000000000100001000100000000000000010000000000000000000000000000000000000000000000000000000
1100010100000100010010100001011100100111101000110100110110011010001000000000000100000001000100000000000100110000000000001000100000100000000010000001000000001000000000000000000000010000100000100100000000000000000000000001000010000000000000000000000000001
1100010010000100010010010001011100000000010001010110110000000010001000000000001111000100110001100000000101100000000000001010000000000010000000110010011000101000100100010000010011010000000010010000000100001001000000000000000000101000000000000000000000001
1100010000000100010010100000000000000000100000100000100000100010000000001000000010000000001000101000000100100000001000001000000000000000000000000001000000000000100000000000000000010000100010000100000000000000000000000000000000000000000000000000000000000
1100010000000100010010100000000000000000100000100000100000100010000000001000000010000000001000101000000100100000010000001000000000000000000000000001000000000000100000000000000000010000100010000100000000000000000000000000000000000000000000000000000000000
1100010010000100000010010001000000000100100000000101100110100110001001000000000011000000000000100000000100110000000000001010000000000010010010001000001000100011100000000000010100010000000010001000001100000001001000000000000000010000000100100000000000000
1100010010000100000010000000010000000001000000000101010000000010001000000000000001000001000000000000010100100000000000010010000000000000100000000001000000001001000010100000000000000000000000000000000000000000100000000000000000000010000000001000000000001
0100010000000100000011001000000001100000100000000100000000100010001001000000010111010000010000101000000101110100000000001000000000100010000000000001001010000000101000000000001000010000000110000110010000010000000001000001000000000000000010000000000000100
1100000010000100000000000000000001000000000000000001000010000000000000000000000000000000001000000000000000000000000000001000000000000000000000000000000000000001000000000000000000000000000000000000000000000000000000000000000000000000000000000000000000000
1100110110000100110110100000001010100111000100100100010110000110001000000100000111000010001000101000000101110100000010001010000100100010000010001011001111100011101000001000010000010000100010000100010000100001010101000100010000000000000100000010000000001
1111111110011110110111110011111111101111111111111111111111111111101111001111111111110111110110111110111111111101111101110110101000101010010111011111011101111111111111001010111001011111110011110110000111101111110011101000010010001000000111100000000000101
0000000000000100000010000001000000000000001000000100000000100000000000000000000100000000000000101000000000000000000000001000000000000000000000000000000000001000000000000000000000000000000010000000000000100001000000000000000000000000000000000000000000000
1100110110110100110110110001011100001111011101010111101110011110001001010111000100000000011110101000000101111000100110011000100000111010110010111011000100111001000100011001010100011100010011110110000000100101010010000100110010000000000110000000000000001
1000010000000100010000000000000000000000000000000100000100000000000000000000000001000000001000100000000000010000000000000000000000000000000000000000000000000000000000000000000100010000000000000000000000000000000000000000000000000000000000000000000000001
1000110110010100110010100001010010000000101010110100111110110111001001000101101110000001010000100000000101110101000000001010000100101010000000000001000001101010110000000000010111010100001011001010010010111001001001100010000010000000000010000000000000001
1100010010000100000010000000000000001000100000000100000000000010000000000000001110000000000000001000100000110000000000000000000000001010000010001001000000000000100000010000000000000100000000000100000100010001000000000000010010010000000110000000000000000
0100010000000000000000000001010000000000000000000100000010000000000000000000000000000100000001000000000000110000000000001000000000000010000010000001001010000000000000000000010000000000001000000000000000100000000000000000000000010000000010000100000000001
1100110000000000111010100000010010100001001000010101110110101100000000000000000000010000000100000000000001110000000000010000100010010000000010000001000000100000000000001010000000010000100010000000000000001001000000000000000000010000000000000000001000001
0100111000000000000000010000000000000000001001010001010000000000000000000000000000000000000100000000000000100000000000000000000100000000000010000001000000000000000000001000000000000000000000000100000000000000000000000000000000000000000000000000001000001
0100000100000000000000010000001000000000000001000100000000001000000000000000000000000000001000000000000000110000000000000000000000000000000000000000000000010000000000000000000001010000000011000000000000010000000010000000000000000000000010000000000000000
1100010000000100111010010001010011100111100000100101110110001100001000000000010101000000011101001000000000110001000001011010100000000010001000000001010000100000011000000000000100010100100110000100000000100001000000000000000000000100000010000000000000001
0100010010000000000000110001000100010001101101100100101110000101000001000000001100000000010000101000000101110000000000000010000100001000000010000001000000000000000000000001000000011100000010000000000000001010010000001000001000000000011000000001000000001
1100010110010100110010110001010100000100101011010100101010011101110101010000010100000100010000000000000101101000000000001010110000010011001110001011010000000000000011000000010001010100100010001110000000101010000010100000010000001000000000000000000010001
0000000000000000000010000000001000000000001000000100000000000010000000000000000010000100100000000000000000000000000000000000000000000000000010100001000000000000100000000000000010010101000000000000000000000001000000000000000000000000000000000000000000000
1100110110100100111011111001110111111101111111110101111110101111001001011100111111111001111101101100000111111100100101011010111000101000000010101111001011111010111001110000010011011100101110010110011110111011011001010100100010010000001100100000000000001
0000000000000000010000000000000000000000001000100100000010010010000000000000000000000100000000000000000000100000000000000000000000001000000000000000000100001000000000000000000000010000010100000000000010000000000000000000000000000000000000000000000000000
1100010000000000010010000000011001000000011001100110100000000100001010000000000110000000000000000000000100001000000010000010000000000000000010001000000000101000000000000000000000010100010000000010000010000010000010000000000000000000000000000000000000000
1100010000000100000000010000010000001000010001010100100000100011000001000000000011000000010100100001110101111000000100001010000000000000000000100100001010100011100000000000001000000100000010000000000000011001000000000000000000010000000000100000000000001
1000010000000100000010010000000000001000000001000000001000101000000001000000000100000000101000000000010101000000000000000000000000101000000010000000000000011010000000000000000000010000000000000000000000001000001000000000000000000000000000000000000000000
0110110110000000000000000001000100010100101001000101100000000001000000000000000101000000011000100000000001110100000000001000000000001000000010100000000000000001000000001000001000010100000010000000010100100001000000000100000010000000000100000000100000001
1110111110110101110111110011011011111111111111110101111110101111001001010101011111010111111100101001010101110101000100011010011110011110101101101011001111111111111110101011010111011101110010100110010100111111011111110100110110011001001110001100000011001
0110110000000100000010100000011000000001001000100100101000101010000001001000000110000100110000100000010101100100000000001000000000000000000010100001011000000000100000010000000000010100000010000100010000001001000000000000010000000000000000000000000000000
1110010110100100110010110011011101101111001101110111111010100110111001010101100110000101010100000000000111110100100000000010000000000110010111010111010001101000101000000010000011011100000000100100000010000000011011000000111010000000000100000000000000001
1000010100000000010000110000000100000000000000010100000010001010000001000000000101000100000000100000000000100000100000001010000000000000000000100000001100000000000000000000000000010000000010100000000000001001001000000000000000000000000000000000000000000
1100010110010100010010011000011100010101101001110100101010001010000001000000110110000101111100101001111101110000000100011010010000001010100010000001001000111011100100000001000011010100010010101100000100100001001000000000010000000000001110000000000000000
0100000000000100000000010000010000010100001000110100111000100000000100000001000100000000100000110000000000000100000000001000000000000010010000100001001000000010000000000000000000010000000000100100010100000000001000000100010000000000000000000000000100000
1100110111000100110010100000001101010101101101110101100010111011000000001000000111000000011100000000000101111000100000011010000000001010000010100001000000000010101000011010010010011110000010000110000100001001011000000000010010010000000111000000000000001
1110111110011100110011111011011111111111111111110101111110101111101011011100011111011101111111111100110101111111011011011010111110111110000011101110101110111011111010110011011101011101111010110110110011100011111011101000111011000010000010000001001101101
0110010100000100100010010001000010001100000000000100001000000000000000000000001000000000010000101000000000110100000000000000000000000000000000000001000000000001000000000000001000010000100010010100010000000010000001000100010000000000000010000000000000001
1011010000000100010000000001001100001001110000110100100010100000000001000010000100000100000000100000010100101100100000001000000000101000000001100000001000101010000100011000000000010100001000100000010000101001000010000000000000000000000000000000000000001
1110110110001100110010110001011101000101111111110101110110101111001001011101000111010000000100100000110101110100100101011000001000000010010011011101010001001001001000000000000110010100101001100100010000000101000110000000010000011000000100001100000000001
1100110100000100110010000000001100110001000010000101010010101110001001000000000010010000111000100110000000111100000000011010000000000001000010010001000000000001100000000000000000010100010000000100010000000000001100000000011000010000000100000000000000001
1100110010010000110010010001000001000000001100000100111010000111000000000001000100000010010000000000100100110100000001010000001000000010010010000001000000000000001000000000000000000000101000100100000000010000000100000000000000000000000100000000000000001
1100000110000100000010010001000010001001101101110100000000001000001001000000000000000000010000100000000100100110000000011000100000000010000010100000001000111011000000100000000000010100000000000000000010100100001010000000000000000000001000000010000000001
1100110111010101010010110001011110100111101101110101111110111011011001000110011111000001111100000001000101110100100100011010100100100010110010101001010001010010101000000000110000010100100011010100000100101011000010000100010000100100001100100010000000001
1100110100011101010100010011001011001101100100100101111110101000001001000100000110000100010000101000010001110000000000001010000001000010001010001001000001100011011000000001110000010000001001010100001000100101001000000000000000000000000010000000010010001
1100010110011100110010010001011101110101101111110101101010101010001001000000011110000001011101101000110111110101100010001110100000000011101010101001011001000111101101010010001011010100101010010110010010110111011001100000111000010000000110000001000000001
0000000000010100000000000000000000000000000000000000000000000000000000000000000000000000000000000000000000100000000000001000000000000000000010000000000000001010000000000000000000000000000000000000000000000000000000000000000000000000000000000000000000000
1101111110011100110010110001110111101110111111111101111010101111001000000100111111110111000110101000011111111100000100011000100000000010011010001111010001111101100010101010001001000000111010010100000100100000010110000001010000010000000010000100000000011
1110110110101100011110110011001011010101111111110101101110101010001001000000011111010110011010101001110101111110000110111010000000000000010110001001101101011010100101001000100101010100010010010110010010110111001111100100010100000000010110111000000000001
1100111111010101110011110001111111000101111101111111111010111111001011110101010111010111110111001110010101110100111101011000110000000110010011101011000100101011011111010110100000110111111010010111100111100111010111011011111000010100000110001001010000101
1101000010000100110000110000010010100101000101100100000110001010000001000100011110000001100001100000010100110000000000001000100000100010000010000001000000010000100000000000000000011000000010000100000000100000001011000000000000000000100010000000000000000
1000110110000000110011110000001100000101101010010101100010101110001001000100000111000000010101100000000101111100000001011000000000100010000010100011001010111000100100110000000011010100000110000000011010100000010000000100000010000000000100000000000000001
0100010100001100010110111000101100111000011000110100100000001010001000000000000111010001001110110000000101111000100000001010000000000000000010001000010000001001101000000000000000010000000010000000000000001101000000010000000000000000000010000000000000001
0100000000000100000000000000000000000101101000100100100010110010001000000000000010000000000000101000000100110100000010001000000000001000000010000001000000000010100000000000100000010100001010010111010000011000010000000000000000000000000100000000000000000
0000010000000000000000000001000000010000100000000100000000110110000001000000000010000000001000100000000001000000000000001000000000001010000000000000000000001001100000000000000000000100000000000000000100000000000001000000000000000000000000000000000000001
1100010000000100110110000000000000001000000000100100110000000100000000000000100100000000000000000000000100100000000010000000000000000010000010000001000001000010001000000000000000010000100010000000000001000000000000000000000000000000000000000000000000001
0100010100010100100000100000011100000100101011110101111000101011101001000000000111010100111100101000000101110100100000000010010000000010000001000011010000001000101000000000001001010100100010000110110100010001011000000000110010010000000010000000000000001
1000110000000100000000000001000000100001100000100100100000000000001000000000000001100000101010001000000101010000000000011010000110000000000110000010010000000011000000000000000000010000000000000000000000000001100100000000000000000000000000000000000000001
0000000000000000000000100001000000000000100000000000000000000110000000000000000011000000000000000000000000000000000000000000000000000000000000000000000000000000100000000000000000000000000010000000000000000000000000000000000000000000000000000000000000000
1100010000000100010000100000001000010000111011010111100000101010000000000001000110000000001100100000000001110000000000001000000100000000000010100011000000001010100000000000000010010000001000100110000000000001000000000000010000000000000101000000000000000
0100010000001000000000010000010001000000100001000100001010101100000000000000001101010000010100100000010000100000000000000010000000010000000010001001000000010000000000000000001000000000000000000000000000100000000000000000000001000000000000000000000001000
1000010000000100010000010000010010100001100000100100110010101010001000000000010010000000000000101000000001110110000000001000000000000000000000000000000000110001100010000000000000010100000000000000000100000000000000000000000000000000000010000000000000000
1100010000010000010000110001010101001100101000010101100010011000000001010000001101010001000001110000000101111100100100011010101000001010000010000011000000110000000000000000000000010000001010001000010100001001111011000010000010000011000110100100000010001
1010000110010100100000000000000000100000001000000100000000000000000000000000001000000000011000100000000000000000000001001000000000000000010100000001100000001010000000010001000000000100000010000000000010000001010000000000000000000000000000000000000000000
1000010000000100010000000000010000000000100000000100000100000000000000000000000001000000001000000000000000110000000100000011100000100000000010000001001000000001000000000000000000010000000000000000000000010000001000000000000000000000000100100000000000001
0100110100000100110010100000010100000001000101110101100000011000001000000000000110100000000110110000010100110000100000000000100000000110000010101010001000001000001000000010000000011000000000010000000000000010000001000000000000000000000100000000000000001
0000010100000100110000110001000110010001000011010100100010100100000000000000000111000000111000000000001101110110100000001000100001001010000010101001000000001011001000010000000000010100000000001010010000110001001000000000100010000000000100000000000000000
0000000000000000000000000000000010000100000000000100000000000010000001000000100110000000000000000000000100000000000000000000000000000000000000000000000000000000100000000000000000000000000000100000000000000000000000000000000000000000000000000000000000001
1100111110011110110111111001011111111111111111110111111111111111001101011111111111110101111110101001110111111101111101011011100101111111101111111111111101111001111110111010110111001100111011111110010111111111111011110111011010010100001110000010000000101
0100010000000000110000010001000110111101010101000100101000000000000000000000000101000001010100100100000001111000000000001010000000010010000010100011000000000000010000000000000010010000000010110100000100101001000010000000010010010000010100000000000000001
1110011110011101110011110001111111110111001111110101111110111111001101000101010110110110011111101101111101111110000000001010110000111110110111101011011101101001101011010000101001010000111110010011010111010100000011110000001010011000010000000000010000001
0000010010000000000000000000000001000000000000000000000000000000000000000000000000000000001000000000000000000000000000001000000000000000000000000010000000000000100000000000000000000000000000000000000000000000000000000000000000000000000000000000000000001
1000010010000000001010000000000000010100001000000100100010000010000000000000010010000000110000000000000100110000000000001000000000000100000010000001000000000000100000000000000000000000000000000000000000000011000010000010000000000000000010000000000000001
1100010110001100010110010001010000111000101001110101110000101111001000000000010010001001001100100000010101110001011000011000000100101010000010000001101010101010100000110000000000010100000010000110000111101011101001010000000000010010000000000000000000001
0100010000000100010000000000000100100000101000000100101010100110000000000001000110100000101000001000010111110000000000001010000000000001100010001001000100000011100000000000000000010100000010000100000000100001000000000100001000010000000100000000000000001
1100010100000100110010110001010000110000101100000101110010001011000001000100000110000000000000100000000101100000000000000000101000000010000000000001011010011010100010000010010000010100000000100110000010000000000010001000000000000000000000000000000000001
1000010000000100000000000000000001000111000000000100100000000000000000000000000101000000001000000001000101110100000001000000000000100011000000000000000000000000001000000000000000000100000000000010000000100000000000000000000000000000000010000000000000001
1101111111010100111010110001111111100101111111110111111110011111001001001101011110111101011111101000111111111100111101011110100101111010010111011011100000101011111110110100011000011100110000100110001110100001000011110111101000000000000010000000000000001
0100000100000000010010000000010000010000100110010100100010001000000001000000000110000000010000000000000000101000000000001010100001000000000000000000001000110000000000000000000000010000000000000000000000110001000000000000000000000000000000000000000000000
0100010010000100000000000001011110100101101111010100111100101100000001000000000101000001010100010000000101111001000000001010000000000000000010111101011010000000000000000010000000111000001010000100001000101001010000000000010010001001000100000000000100001
0010110010000100110010110000010100100101100101010101100010101010000000000000000110000010000000100000000101100000100000001010000000000010000000000001100000111011100010000000000010011100000000000000000000101000001000000000000000000000000000000000000000001
1000010010000000100000010000000001000100100000000101101010000000000000000000000000000000010000000000000100100000000100000000100000001000000000001000000000000000000000000000010001010000000000000000000000000010000001000000000000000000000000000000000000000
1110111110011100110011111001011111111111111111110101111010101111001011011100010111011101011110101100110101111101011001011010010010101010000011101111101110111011110010010010000000011000111010100010010011100011101010000000110010000010000010000001000000101
1100010110010100110010010001011010110101101100110101110111001110001000000000010111000001111100100000010101110100000001001010100000001010100010000011000000001001100010010010000001010100101110000100010010100111100010010100000010011010000110000001000000001
0100000000000100100010000000000000000000000000010100100010000010000000000000000010000100000100001000000100000100000000000000000000000000000000000000000000000000100010000000000000000100000000000000010000100000000000000000000000000000000000000000000000001
0000100100000000000000100000000001000100100100010100100000000011000100000001000010000001100100000000000001000100000000000000000000000000000000000001000000000000100000010000000000000000000000000000010000000000000000000000000000000000000000000000000000001
1110110110010100010010110011111111101100111111010110111010001110111100000110010111010000100100110000100101111110000001010000100000000010000111000101111100001001001010010000010001010100000000000111100010011010010011000000000000000000000010000000000000101
1000010011000000000000010000000000000000110001000100000010001100000000000000000101000100010000000000000100100000000100000000000000000010000000000000000000010000001000000000000000000000000010100000000000000000000010000000000000000000000000100000000000001
1100110110011100110010110111111100110101101111110100111010001111001001010100001011011001011101101000100101111100100100001000010000000010000110001110000000100010100001010000110000011100100010000000000000100001001001010000000000000000000010100000000000001
1100000010001000010010000001000001000000101010010101100000101010001000000000001110000000001001100000100001110100000000001000100000000011100000100001000001001001101000000000001000010100101010000110010000100101010001000000000000010000000010000000000000001
1100010000000000000000000000000000010000100001000100000000101110000000000000000010000000000000100000000101100000000000001000000000000000000000000001000000000000100000100000000000010100100000000100000000000000000001000000000000000000000000000000000000001
1110110111010100110010110111111011111101001111110101101110111111001101010101011111010000001010101000110101110000000000011110101000101010000110001001010001111011111000000001000001011000110111110111000110001001011111000110000001001000000000000000000000001
1100110100000000110010000001000001000100001000000101000110110000001110000000100111000000000010100000100101100100000001000000110001000010010010000000000010001001000010010000000101010100000001000000010000001000000000000000100010000000000000000000000000001
1100010110001100110010110001011101000101011101110100101110010100100000001001000110000001000000100000000101110100100000001000100100011010011011010010010000100000000110000000010000011000100000110000010000110000000000000000000000000000001100000000000000001
1000010010000100000010010001001000010100001100100101100010001010001000000000010010000000011000100000010101010000000000001010000000000000000010000000001001011001100100000000000000010100000000000010000010000001000000000000000100000000000010000000000000001
1110010100000100110010010000010000011000100101000101110000000011000001000000010011001000101000101000000101110100000000001000000000011010100010000001100000101001100000000000000010010001100000001110010000000001000001000000100000000000000100000001000000001
1100110111000110110011110001111111101111111111110101111110111111001011111111011111110101110110001000110111101100100100011110110100100110010111011011011000111001100100011010011001011001110011100110000110100110000110100000100000000100000000100100000010011
1100010000000010000000000001000001000101001000110101011010001010000000010001010000000101001000001000010101100100000010001000000000000000000000000001000000000000000000001000010000010000100000000110000000000000000000000000010000000010000000000000000010001
1100010110010100110010110000001000010100101100100100101011100110001101000000010110010000011100100100010101111100000000011010000000010010000010100011000000001010101010010000011000010000000000100000010010100000000010000000100000010000000000000000000000001
1100110100000000110010111011000000000111101011110100101110101111000001000100000110010000010000000000010101110100000100000000100000000010001010111111000101011001010000010000010101010000100000010100000100100000000000000000100000010000011000000000000000001
1000100000000100110000000000000000000000000000100100010000000010000000000000000011000010001000000000000000110000000000010000000000000000000010000000001110000011100000001000000000000000000000000000000000100001000001000000000000000000000100000000000000001
1100110001001100110110110011011010011101111101110100110010001111001101010000110011000000111110100000000101111100000000001010000001001000100010100001011001100011110000000000010000011101001010000110011000100001010001000000010000010000000010000000000000001
0100110110010100010010110001010011011101101111110100101010110011001000000101010010110000011000101000000101110100000001011000100000000010000010100001100000001001110001000000010010010100100010001000010111100010000110010100000000000000000100000000000000101
1000100000000000110010000000000000000100100000000000100000000001000000000000000000000000001000000000000101010000000000001000100000001000000010000001000000001001000000000000000000010100000010000000000000000001000000000000000000000000000100000000000000000
1000010000000000000010000000001000000000110000000100100000000010001000000000000011000000110010100100000101110000000000000000000000000010000010000000000000000000100100000000000000010100100010000010000100000000000001000000000000000000000100001000000000000
0000010000000000010010000000000000000100000001000001101000000010000000000001000010000000000000000000000100000000000000001000000000010000000000000001000000000000100000000000000000000000001000000000000000000000000000000000000000000000000000010000000000000
1110010110000000100010100001010111001101101101010100100010101001000000000101000100010000000100000000000101110000000000010010000000000010000110000100100000100001001000000000000000010000010010000010000000100000000001000000000000010000000000000000000000001
0000000000000000000000000000000000000000101000000101000000000010000000000000010010000000100000000000000100000000000000000000100000000000000000000000000000000000100000000000010000010001000010000000000000100000000000000000000000000000000000000000000000000
0000000000000100000010100000000001000000000000000000100000100010000000000000000010010000001100000000000000000001000001000000000000000000000000000000000000000010100000000000000000010000000010000000000000000000000000000000000000000000000000000000000000100
0100000000000000000000010000001001000100101000000100100000000010000001000000010010000001011100000000000111110000000000000010000000000010000010100001000000001000100000010000000001000000000010000100000000010011011000000000000000000000000100000001000000000
1110010100000100110010111000000101010101111111110101111010101010001011011100000110000001011010000100000100111100000000011010010000001000000011101111101100101011100000010010000000011000000000100100000000000000100010000000000000000010000000000000000000001
1100010000000000010000000001000100000000000100100100000000000010000001000000000010000000000000000000000000100000000000000000000000010000000000100001000100001000100000000000000000010100010010000000000000000000000000000000000000000000000000000000000000000
0000000000000000000000000000000000000000000000000000000000000000000000000000000000000000000000000000000000000000000000000000000000000000000010000000000000000001000000000000000000000000000000000000000000000100000000000000000000000000000000000000000000000
1100010110000100110010110001010100001101001111110100110110101000000010000001011110010001000101000000010101011001000000001010110000000010000110100011000000000000001000010000010001011100000000100110000000010000000000000000000000000000001100000000000000001
0000000000001000000000000000000000000000000000000100000000000000000000000000000100000000000100000000000000000000000000000000000000000000000000000001000000000000000000000001000000000000000000000000000000100000000000000000000000000000000000000000000000000
0000000000000100000000000000000100000000000000010000011000000000001000000000000000000000000000000000000100000000100000000000000000000000000000000000000000100000000000000000000000000000000000000000000000000000000000000000000000000000000000000000000000000
1100110110000110110110110001111000001101011101110111101010101011001000001000001111010001010010001100100101010000000100000000011100000010010010000010001100001010100000010000000000011100110000000010000010000000011010000100000000000000000000100000000000001
1000010010000000000010100001010100000100001000010100001000100000000000000100001100000000000000000000000101110000100000001000000000001000000010000000001000000000000000000000000000000100000000100010000000100000000000000000000000000000000010000000000000001
0000000000000000000010000001010000000000000000000110100000000010000001000000000010000000000000001000000001100000000000000000000000100000000000000000000000100000100000000000000000010000000000000000000000000001000000000000000000000000000000000000000000000
1100010000000010000000000001000001000101001000110101011000001010000000010001000000000101000000001000010100100100000010000000000000000000000000000001000000000000000000000000010000000000100000000110000000000000100000000000010000000000000000000000000010001
0100000000010001110010010000000000000100000000000100000000000100000000000000010100000000000000000000000000000000000000000000000000000000000010000000000000000000000000000000010000000000000000100000000000000000000000000000000000000000000000000000000000001
0000000000000000000000000000010010000001000000000000000000000000000000000000000000000001000000000000000000100000000000000000000000000000000000000000000000000000010000000000000000000000000000000000000000000000000000000000000000000000000000000000000000000
0000010000000000000000010001000000000001000101000100000000000000000000000000000000000100000000000000000001000000000000000000000000010000000000000000000000000001000000000000000000001100000000000000000000000000001000000000000000000000000000000000000000000
0100000010000000010011010011000010000001100001100000100000100000000001000000000101000000001000001001000101100000000000000000000000010010000010001000000001100000000000000000000000010000000000000000000000001000001000000000000010000000000000001000000000001
1100111110000100010010110001001001100111101111110101111110101111000000010001011111000101010100001000010101110000000100011010010000000010000110101010001110101001101010000010010111011000010000100010000000001010000101110000100010000000000000000000000000001
1101010110001100110010110011011110000101111011100100101110111011110001000100000111001100100100101000000101110100000001001010111001100000000010001011100000011011110100010000110000010001000110000110010110000100000010000000000000001000000000000000000000001
1000000100000100000000100000000000000000001100000101000000000000000000000000000000000000000100000000000000000000000000001000000000000000000000000010000000000000000000000010000000000000000000000000000000000000000000000000000000000000000000000000000000000
0100010010000000000010010001000000000100100000000101100110000100000000000000000001000000000000000000000000110000000100001000000000000010010000000000000000100001000000000000010100000000000000000000001100000001000000000000000000010000000000000000000000000
0000000000000000010010100000000000000100000000000000101010000000000000000000000000000000000000000000000000000000000000000000000000000000000000000000000000000001000000000000000000000000000000000000000000000000000000001000000000000000000000000000000000000
1000000000000000000000010000000000000001000001100100000000000010000000000000000011000000000001000000000100100100000010000000000000000000000010000000001000000001100000000000000000000000000000000000000000000000000000010000000000000000001000000000000000000
0100010000000100010000000001010000000000001000000100100000000000000000000000000001010000000000100000000100100000000000000000001000000000000010000000001000000010000000000000010000000000000000000000000000000001000000000000000000000000000000000000000000001
0000000100000000000010000000000010000110000100000100000000000000000000000000000000000000000000000000000000000000000000010000000000000000000000000000000001100000000000000000000000010000000000000000000000000000000000000000000000000000000000000000000000000
0100010100000100000010010000010000001000100101000101110000000011000001000000000010001000100000001000000100010000000000000000000000010000000000000001000000001000100000000000000000000000000000000110000000000010000000000000100000000000000000000000000000001
1100010010000000000000000001000000000000001000000000000000000000000000000000000100000000000000000000000000000000000000000000000000000000000100000000000000000000000000000000000000000000000000000000000000000000000000000000000000000000000000000000000000000
0000000000000100010010010001000000000000000000000000100000001011000000000000000010000000000000001000010000000000000000000000000000000000000000000000000000010000100000000000000000000100000000000000000000000000000000000000000000000000000000000000000000000
0000010000000000000000000000000000000000000000000000000000000000000000000000000000000000000000000000000000000000000000000000000110000000000000000001000000000000000000000000000000000000000000000000000000000000000000000000000000000000000000000000000000001
0100000010000000000000000000001000000000001000010100011000000000000000000000000100000000000000010000000000000000000000000000000000000000000000000101000000000000000000000000000000000000000000100000000000000000000000000000000000000000000000000000000000000
0000000000010000000000010000000000000000000000000101000000001000000000010000000000000001000000000000000101000000000000000000000000001000000010000000000000010000000000000000010000000000000000000000000000000001100000000000000000000010000000000000000000001
0000000000000000000000000000000000000000000000000100000000100000000000000000001000010000000000000000000000000000000000000000000000000000000010000001000000000000000000000001000000000000000000000000000000000000000000000000000000000000000000000000000000000
0100000000000000000010001000000001100000100000000100000000000010000000000000000010010000000000100000000001000100000001001000000000000000000000000001000000000000100000000000000000010000000000000100010000000000000001000001000000000000000000000000000000000
0000010100000100000000000001100000000000000000000100000000000000000000000000000000010000000000000000000000000000000000000000000000000000000000000000000000000010000000000000000000000000000000000000000000000001000000000000000000000000000000000000000000001
1111111111010110111110110111111111111111111111110100111110111111001001001001111111110111111111111110100101111101100010011011101110111010010110100011111111111011101101111000010110111111111110110111111111111111111111000100010010011011001110000101001010010
