0111110111111011110111111111111111111111111111111101111110111111111111011101011111111111111111111001111111111111111101111011101111111111011111101011111111101011111110110111111111011111111111111110111111111011111111010110011000111110011111101101001101111
1010111110011010111110110011111111111101111111110101111110111111101111010101011111110101111100111000110111110111100100011010011101111111011010101011111111111111110101010111011000011111011111110111111100111011111011101100010001011010011110100101000010011
1100010110010000110000110001010000101101100000110100100010100011000001000000000010000001111000101000000101110000000000001000100000001010000111000001110000101010100000000000000010010101001010010100000100100001110001000000010000010010000100000000000000001
1000010110000000110000100001010000000100101001110100100010000010000001010100010011000000111000011000000111010100000000000010000000001010000010100001010000000011100000010000000000000001000110000000010000000001011000000000000000010000000110000000000000001
1100010110010000110010110001111101010101101100110101101010111110001001000100010111110110110110111000010111110100100100011010101110101010000111100011011010101011101000101001010000010110001010110100100100111001001111000100010000010000000111100000000000011
1111101111111010111111111111111111111111111111110101111110111111111111110101111111011111111111111001111111111111111101111011111111111011011111111011111111101111111111111111111111111111111111111110111100111011111011111110111001011010011111100101011011111
0100010000000000000000000001000000001000101000000100100000100000001000000000010000010100101000100000000000100100000000000010000100000000000000000001001000000000000000000000000000000000000010000100010000100001000000000110000000000000000000000000000000001
1111110010010000110010110001111111110111111101110101111110111110001001000101101111010001111111101000010111111111000100111010100010111010000010111011011110101111101100110001011011110100100011111110010100111011111010000010011000011010000111000001000000011
1111110101011000111111110101111111111111111111111101111110111111111001011101111111011111111111111001110111111101100101111011101110111111001110101011011111101011111110011011011011111111111111111110010100111011111011000100011001011010011111100100000101001
1000010010010000000000000000000000010000101000011100100000100000000000000000000000010000000000100000000000110100000000000000100110000010000010100011000010100000000000000000000000010100000010000000010000100001000000000100000000010000000100000000001000001
1000010000000000000000000010000000000000000000100000000000000000000000000000000000000000000000000000000000000000000000000000000000000000000000000000000000000000000000000000000000000000000000000000000000000000000000000000000000000000000000000000000000001
1110110111000011110011110101011111111101111101110101110111111011101011011101110111010101111111101000111111110111000101001011110001100010000010101011101100101111111100010011000010111100110011110101011110111011101011000100000000010010010110000101000001001
1100010010000000010010010001000100010001011101100100100000001010001000000000001110010001000000000000000000110000000000001000000000001000000010000001000000100000100000000001000000011000100010000000000100000001000000000000000000010100000000000000000001000
0000000000000000000000000000000000000000000000000000000000000000000000000000000000000000000000000000000000000000000000000000000000000000000000000000000000000000000000000000000000000000000000000000000000000000000000000000000000000000000000000000000000000
1100010000010000000000000000000000010001110000000100000000100010000000000000000010000000100000100000010000100000000000001000000000100000000000000001000000000010100000000000000000000100000010000100000000101001001000000000000000010000000000000000000000001
1000000000010000000000000000000000000100000000000000000000000000000000000000000000000000000000000000000000100000000000000000000000000000000010000000000000100000000000000000000000010000000000000000000000000000000000000000000000000000000000000000000000000
1111110110010000010010100001111110101101111101110101110010111010001001000100011101010101111110101001110101111111100000011010100111101010000010101011101110101011001100110001100010011100110110010110010100010001101010000100010000011010000110000000001000011
1111110110011000101110111011111111111101111111110101111110111111101001010101111111111101111111101101111111111111111001111010100100101011011111101011101110101111111101111111010001010111111010110110110100111011111011100110110000011010001111000101010010011
0100010010000000010000010000000000000000100000000100000000101010000000000000000010000000011000101000000000000000000000001000000100000000000000000000000000000000100000000000010000000000000000000000000000000001000000000000000000000000000000000000000010000
1100010010000000010000000000000001000000000000000000000000000000000000000000000000000000000000000000000000000000000000000000000000000000000000000000000000000000000000000000000000000000000000000000000000000000000000000000000000000000000000000000000000001
1100110110011000110001110001011111111101111101110101101110111111111001001001111111010101111110111000010111111111100101111110010010101111011011101011001011101011100100010000010101011110101010010110010101111001011010110100010000001100000110100100000010101
1000010010010000000010000001000100000000000000000100000000100000000000001000000100000000001000000000000001100000000000001000000000000000000010000010000000000000000000000000000000010110000010000000000100010001000000000000000000000000000000000000000000001
1111110110010000110010010011111110111101111101110101111010101010000101000100011111010101111100111000100111111111100000101110010001101110000010100011011111101011111100010001010011010101010110110111110100111001111001011110110000010110001111000000000001011
1110110110011000011010101101011110111111111111110101111110101111110011011101010111011101111100111001011111110111000100001010111101111011010010101001101010111011101100010001011000011100001110111110111100111011111011110110110001011010011110000101010111001
1000010000000000010000010000000000100000000110110101100000001000000001000000000100000000101000101000000001110100000000001000000000000010000010000001000000000010001000000000000000010100000000000000000100001001000000000000000000000000000100000000010000000
1000010010010000000000010000011000100101100000000100100000000010000000000000000010000000000000100000000000110000000100001000000000000000000010000000000000000000100000000000000000010000000000000000000000000000000000000000000000000000000100000000000000001
1100010000100000010000100001000110001001001000110100100010000000001000000000000000010000000100100000010001110100100001001010000000000000000010100001000000000000000000000100000000010100000000000100000000000001000010000100010000000000000100000000000000001
1111111110011000110011110010111111111111111111110101111110111111111101100101011111011101111110111000011111111111100101011110111110111010000111101011111111101011111110111101010011011101011110110110111100111011111011100110111001011110010110100000000000011
1100110110000000110000100001000000000100110000000101000000100000001000000000000000010000101010100000000100111100000000011010000000001000000010100001000010100011000000000001000010010000000000000100010000000001000000000000010000000000000110000000000000011
1111110110010000110010110101001110001101101101110100111110111111101001010101110110011101111001101101010111110111111101011010111111101010001011101011101111001111110101110001110110011100101111110110011110111011111011000110010000011010000110000101001010001
1100110110010000110010110101010101111100111001110100111010101110001001000101000111010101011110110000110111111100100001001010100000100110010011101001011110001010001110001011000001010100111010100110110100100001010010000100011000011100010110000000000100001
1100110110011000110011110011011010011111111101110101110010100111001001000100010111011101001001101000000101110100100100001010110000101010000010111001011010101011111110000100010011011100000110110000010100101001111000000100000000011110000010100000000000001
1100010110010000110010110011010100010101101101110101111110101110001111000001010111010001011001100000100111111110100000011010110001001010000010000011000111101001110000010000010000011100010010010100010100101011100010000000111000010010010110000000000000001
1100110110010000010110000001001000100101101010100100100010000010000001000001100111010101011000101000000001110100000101011010000000101010000010100011000000100011100000000000010000110100000110000100001100111001001000010110000000010000000110100000000010101
1110010110010000110010111101001001011101111011110101100111101110001101000001010101010101000100000100100101111101000100011010000010101010010010100001101000101010001100010001000000010100000110101110000000100001101000010000000000000010000110000000000001001
1100110111011010010010110001001110100101001011111101110010100010000001000101001111011111000101001000000101100000100001010010001000000110000011001001000101000000101011010001000000010100110010110110001101100010010000010010000000000000000000000000000001001
1110011010010000110010110011011100100101111111100100100010010010000001000100000110010100111001101000100111110001011000001010010000101010010110101001001101001010101100100100000010011100110100010100000010000000001000001100000000000000000010000000000000001
1111110110010001110010110101111111111011111111110101111010111011001101000001111111010111111101101001100111111111100101011110100010101111000110100011111010101011111010010001011001111100100110110111111100111011111011000100111000011110010110100001000001011
1000010110000000000000010001000100000101110101100101100000000010000000000000000110000001011000100000000111110101000000001010000010000010000010100001001010000000100000010000001000011100000000000000010000100001100000000000001000000010010110000000000000000
1110110110011010110010110111010111111110111111100101110110101111111001010101100111011111111100100001111111111101000100001010110001111010010011101011011010101010110010010101000010111100101110110100010101111011111010000000110000011010011110100001000001001
1111111111010010111010110101111111101111001111111101111110111111111001000101111111111111010110111000110111111100000100011011110000110110010111111011010111101011111110011001111101011110111011110110110101111011110011101100101000010110000110000101010000001
1100010110011010110010110001101100101111001100110100111010110010001101000101001110010100011011100000000111110100100000001010000100000010010010000011011000000011100100100010010000010100000010001110011100010011001000010000010000000000000110000001000010001
1101111111011000110010110011011111111101110101111101111010111111001101000101111111110101111110111000110111111101100101001110100010101110010111101011001011101011101110101111010010010101110110111110111110111011111011011100110000011010010111100001000100001
1100110110011000110010111001010110001111111001110101111110111111111001000001001111011001011100110000100111111101000000001010111110011010000010100011001000101011110000000001000010011100001011110111110000100011001010010000011001001000011011000001001101001
1100010010000000010000011001000001111101100001110100100110001000000001000101010100000000101000100000000111110100000000001000000000000010000010101011000000000010000000000001000000010110000000000100010000000000000000000000010000000000000110000000000000001
1101010110011000110010110001011110111111101110110100110010101111111101000101011111011001011111111000110111111100000101011010110000111010001110001011011011101010110100010001101011011110101110110110010101111011101011000110010000011010011110100001000001001
1111110110111000110010111011011111111111111111010101111111111111001001011101101111010101111100101001011111110110100100101010101001101011010011101011011011101011101110110000111001111100101011110110010110111011111011000000010000011010001110001001000000001
1111110111010000110010111011011110110100111111101101111110111110001101000100010111011101011001110000000111111111100000001010101000011010000010111011011110101011111110010110010011010100001111111111010110011001110010010110011000010110000110000000000100001
1000000011000000000000000000000000010000101000010100100000000000000000000000000000010000000000000000000000110000000000000000000000000000000010000000000000000000000000000000000000010000000010000000000000000001000000000100000000010000000100000000000000000
1111111111011010111011111111111111111111111111111001111111111111111111011101111111111101111111111001111111111111111101111110111111111011010111111011111111101111111111111111111111111111111111111111111110111011111011011110111001011110011111101101010111111
0000000000000000000000000000000000000000000000000000000000000000000000000000000000000000000000000000000000000000000000000000000000000000000000000000000000000000000000000000000000000000000000000000000000000000000000000000000000000000000000000000000000000
1100110110010000110010111001100110110111101100110100101010110110000011000100010110010000011100110000000111110000000100011000100010000010000010000001001010100010101001001000000000010100000010010100000000100000000000100000000000010000000111000000000000001
1111111111011000110010111111011111111111111111111101011111111111101001101101111111111111111100101000111111111101100101011011101101111010010111111011111010111011101111010100110011111100111011110111110100111011111111110100010000011010000110100001010010001
1100010110010000110000110001011110010101111101110100101110100110001001000101110111110101011000111000010101111101100000001010000100010010000010001001001010100011110100010000100000010100001110100110011000011001101000000100010000010000001110000000000100001
1100110110000000010010110001011010000100111100110101110000101010000001000101000111010001111000111000000111110100000000001010100010101010001010101011001010101011101100100001110000010110001010100100010100100011101011001100110001010010010110000001000100001
1100010110010000010010010001010010100001100110110100110010101110000001000001010110010000001000100001100111110101000000001001110100011010001010100011001100100011110000000001000101010100010010100110110100101011000000010000011000011000000110000001000000001
1111110110010000110010110011011111111101111111110101110101101010001001000101110110011111111111101000011111111111100001011010101110111111000011111011011010101111101111010111011011011100111110100100110100111011111010000100101000011010010110000001000011001
0000000000010000000000000000000000100000000000100100100010000000000001000000000100000000000000000000000101010001000000000000000000000000000010000000000000000000000000000000000000000000000000000000000000001010000000000000000000000000000000000001000000000
1110111111010010111011110001111110110101111101110101111110011111001101000101001111011101111111111000101111110101111111101011111111000110000011111001111000101011110101100011010010010100110011100110101001010011001011100100110000000000001110100000000010001
1100110110010000110010000001010000001100111100110101100000101010001100000000000011010100011000101000000111110000000000001010101000101001000000000011001100101011100010100010100010010000000010000110000110011001000000000100000000000000000010000000000000001
1100110110011000111010111001011010100101101111110100101110110110001011011101010110010111111100101000010111110100000000101010110101111011000111101011001100011111111010000001110000010100101011010110111100101001100010100100010000011010000110000000000010001
1100110110000000010010010001011110100001101101110101110100101010001001000100010111000100010000100000000101110100000000001010100100100010000110001001001110001010111100000000000000011100100010100010011101011001001011000000000000011000001100000000000000001
1111110110011010111010110101011111111111111101110101111110111101111111011101111111111101111101101001110111110110111101011010100110011110000111101011111101101111110100110000100010111100111111110110110100111011101011100100010000011010001110101101000000001
1110010010010000010010010001010100000101101101100100100000100010001000000000000111010100101001101000000101110000000000000010000001000010000010101001101000000011100000000000000010011000000110000100101000000011001000100110000000010000001100000101000000001
1100010010010000010010010001010000000001100101000100100000000010010001000000000111000001000000000000000110110000000000001000000000100000000010000010000000100000100000000000000000011100000010000000001000011011100001000000000000000010010100000101000000000
1000010010000000000010010001000000000001100101000100000000000010100001000000000001000001000000000000000110110000000000000000000000100000000010000000000000100000000000000000000000001100000010000000000000000001000000000000000000000000010100000000000000000
1100111110011000110010000011111110100101111101110100110010111111000001000001110101010000101110101001010111110100100011011000100010111010000010100001001100101011011110001100100010010100100010000110010110010001011011000000000000010100000110000000000000001
1100010000000000000000100001000010100100011001010100000000110010000001000000000110000100010000110000000001111110000000000000000000100010000010000000000000001000100000000000000000010100000010000000000010000000000010000000000000010000000110000000000000001
1100010000010000000000010000000010000000000000000101000000001010000000000000000010000000001000100000000111110000000000000010000000000000000010000001000000000000100000000000000000010000000000010000000000100000000000000000000000000000000100000000000000000
1111110110010000110010111001011111111101111111110101111111101110111100100101111110010101111100111001110111111100100000101010100101111010000010101011001010101111111101001001000110011100001110111110010100101001011011000000011001000100010100000000000000001
0000010000000000000000000001000000000000000000000000100000000000000001000000000100000000000000000000000000000000000000000000000000000000000000000000000000000000000000000000000000000000000000000000000000000000000000000000000000000000000000000000000000000
1101010010010000010000010000010000000001000000100100000000001010000000001101100010010000100000000000000100110100000000001010000000100010000010000001001000000000100000000001000000010101000010000000010100110001001010000000000000000000000100000000000001001
1000000010010000000011010000000000000000000000100100100000001010000000010000000010000001000000000000010000010100000000001010000000000000000010000000000000000000100000000000000000010100000010000000010000100001100000000000000000000010000100000000000000001
1101110110010000110000110001011100011001111011110101111010101110000001010000010110011001011000101000000111110100100000001010100000100010000010100001011010011010101100010000010010010100000011100100011000011001101011000100010000000010001111000000000000001
0000000000000000000000000000000000000000000000000000000000000000000000000000000000000000000000000000000000000000000000000000000000000000000000000000000000000000000000000000000000000000000000000000000000000000000000000000000000000000000000000000000000000
1100010110010000010010010001011011110101111111100100111110101010001001010000100111010101011000100000000111110100000100011000010000000011000010101001000000001010100000000011000000110100111010110101010000111001101011000100011001001010000000100000000001001
0000010110010000010010000000010001000101101000100100110010000010001001010001000110010100000000100000000111100000000100001000010000000000000010101001000000001000100000000001000000110000100000110001000000010001000011000100000000000000000000000000000001001
1101111010010000110010110001010110100100101011010101110110001110001001000100001111011000111100111000000111110101100000001000001000101010000010001001001110001000101010000000010010010101010010110110010000110001000000000000100000000000000110000000000000001
1100010110001000110010100001000000010100111101100100100000100010000001000000010110010000101000101000000111111101000000001000000000001010000000000011001000000010100000000010010000010101100010011110100100111001010000000000010000000000000010000000000000001
1100110110011000110011111001011111111111111111110101111111101111101101100101111011010101111101111000011111111101100001111110010110011010011010111011011010101011111100010001000011111111101010110110010100111011111001010100010001011010010111000001000100001
1111110110011010011010110101011111011111111101110101111110111111100111011101111101111101111101101001010111111100111101111010100110011110000111101011111011100011110000010000110001111100101011110110010100111011011010100100010000000000001110101101000010001
1101110110010000110010110001001111110101101101110100111000110111111000000001010110010101011001111000010111111100000101011000000100001010000110001001001000101110100110011000110000010100100010100100010101111011001110010100110000000000001110101100000000001
1100100000000000010000000000000000000000101000000100110000000010000000000000000010010000100000100000010001100100000000000000000000100010000000000001000000000010100000001000000000010100000000000100000000000001000000000100010000000000000000000000000000001
1100111111011000110010110011111111111101111101111101111110111011001001010101111111100100111111110100100111111101100001111010100000011010000011100001001010101111110100011101010010111100010000100110010000110011011011000100010000011100000110000001000101111
1000010010000000010000010001010100010001100101010100100010100010000000000100010010000001010000100000000111100100000000000000000000010010000000000010001000100010100000000000000000011100000000000000000100000001000000000010001000001000000000000000000000001
1100111010010000110010110001011101111101111000110100110010111111000101000001100111010001001000010000000101110000100101101000001110001000000010110000010000100010100000010010000000110100010010100010001000001001100001000100000000010010000110100000000000001
1000110010000000000000000000000000010101100000000000100010001000000000000000000000000000000000000000000000100000000000011000000000000010000000000010010000000011000000000000000000010100000000010000000000100001000000000000000000000000000000000000000000000
1110010110011000110010110001011111110111101101110100111010101010110001001101000111001100011000110100100111110100000100011000000000100010000010100011101100101011101111010000001010001100010000100100010100101011110000000000011000011010001010100001000000001
1111111110010010110010111001110000001101001010100100101010101011001001010000011110110000010010001000010111110100000001001000100000000010000010100001000100001010001000001001000000010001010010010100110000000011000000000010000001000000000010000000000000001
1111110110010000111010110001011011001111111101110101111010111110000101000101010111011001101100101100110111111100000100001010100010010010000110101011111100101000101001110011010000011100001010010110011000010001011010010100111000010000000110000100000000001
1111011110010000111011111001111111001111011111110101111110111011001011000101011111010101010110011000111101111100000101001010110000110110010111100011110100011011100101000010011001010100111001110110000101000010011010011110000000000000000000001101000000001
1100110110010000110010110011001000110101101101100101100010101010001001000000010110010000011011100000010111110100000000001010100100101010000011010011001010101010101100011101100000011110000110100110001100011011000010010110110000010000001100000001000000001
1000110110010000110010000001101000000000111001000100000010100000001000000000000000010000101100101001010111110100000000000000100010010000000010000000000000100001000100001000000010010000100010000000010000000001001010000000000000010000000100000000000000001
1000010110010000010000000000010110011100010001010100000010100011000000000000000111010000000100101000000101110000100000000000001000010010000010100000001000000000100000000010000000010000000010000010000100000001000000000000000000000000000100001000000000001
1110111111010010111010111111111111001111111111110101111110111111001111000101111111111001010111011000111111111100100101010110110001011110010110001011000101101111100011011011110101011100110010000110010010111011010111000000010000001100000000101001000011001
1101110010000000000010110001001000000000101101010101011000100000000101000000010101010101001000100000000100110100000000001000000000000000000010101001000000001010000000000000010000010100000010100100000000000001100000000000010000000010000110000000000100001
1111110110010000111010111001010101011100101001100100111010111011001001000100011111000000111011100000010111110100011001011000000000111010000110101011100000000001100010010000000000010100100010000110010101001011010001000000000000010000000110000001000000001
0000000000000000010000000000010000100000000000000000000000000000000000000000000000010001010000000000000100000000000000001010000000000010000000000000000000000000000000010000000000010000000000000000000000000000010001000000000000000000000000000000000000000
0000000000000000000000000000000000000000000000000000000000000000000000000000000000000000000000000000000000000000000000000000000000000000000000000000000000000000000000000000000000000000000000000000000000000000000000000000000000000000000000000000000000000
1000010010000000110000010000010000000101000000100100000100000010001001000000000010000000000010000000000001100000000000000000000000000010000110000000000000100000100000000000000000000100000000000010000000001001000000000000000000000000001000000000000000001
1100010010010000110000100000001010101101101101000100100100100010000001000000000000010001011000100000010110101111000000001010000100001010010010000001001000001011000000000001000100011100000010000100010100000001100000000100010000000010000000000000000000001
1100110110010010110010010011011000000001101001100100110010001010001001001000000111100000111110101000100101110000000001001000000010010010010111101001010010001010100000011101000000010100000010000000000000110001010001000000000000011000000010000000000000001
1000010000010000010000010001000000000001000000100100100010100000000000000000000100000000001000100000000110010000000000001000000001000000000000001000000000000000000000000000000000010000000000000000000000000001000000000000000000000000010000000000000000001
1111110110010000110010110001111110111111111111110101111111111111111011010101111111011101111111111100111011111111100101111010100001111110001111111011111011101111111110111001111111111100111110111110111101111011111110000110111000111110010110100101010111001
1101110110010000010010110001011010001111111111110101101110111010111011000101111111011001110110101000101101110101000101011010100000001010001011001011001000101010110110010001100000010100010010111110110000110001111100000100100000010010010110100000000001001
1111110110010000110011111011011111111111111111110101111111111111001111000101111111111101111111101001010110110101100101011011110010111111011111100011101101101111101101011111010011111101111111101110010101111011111011100110000000011010011110100001000010001
1110111111011011110011111111111111111111111111111101111110111111111111010101111111111111111111111001110111011110100101011111101101111010010011111011111111101011111111111011111101111100111110110110010111111011111111111110010000111110011110101001000001111
1111110111011000110010111111111111101111111111111101111111111111111111011101011111010101111111111000011111101100111101001011101110111010011011101011111100101011111111011010111010011101110010110110101110111011011011000100110000010100010110100001000000011
1000010110000000110010100001101010100101101101010100110010000000000101000000001111010000011000100000100100110100000000000110000000000110000010000000011000001010011000000000010001010000000000100011100000101001000000000000100000000100000110000000000000011
1101111111010000110010111011111111100111111111110100111110101110001101011101011111111001111110111000100111111010000100001010010101001010010011101001001101101011101111010101010000011101111110110110110110110011011010100000010001011000000110100000000000001
1100010100010000110010110001010010000100000000110100000010000010000100000000000000000000000000000000100100100100000000000000010001000000000010000000000101000000000000010000010000000000000000000000000100000000000000000000000000000000000000000000000000001
1100010110010000110010110001010000101111001100010100110111100000000000000000011100010000000000000000100111000000000000000000000000010000001010000011000000000001000000000001000000010100000000000110000000100000000000000100000000001000000000000000000000001
1100110010000000110010100011011110010100011000110100110010100010001001000100010110010100000001100000000101110000000000001010000000000010000000010001011010000001111110000100010011010100000110010000000100001001000000000100000000010100000010000000000000001
1000010000000000010000000000010000001000000000000100000000100010000000000000000010000000000000001000000000010000001000000000000000000010000010100000001000000000100000000000000000010000000000000000000000000001000001000000000000000000000100000000000000001
1000010000000000010000000000010000001000000000000100000000100010000000000000000010000000000000001000000000010000010000000000000000000010000010100000001000000000100000000000000000010000000000000000000000000001000001000000000000000000000100000000000000001
1100110110010000000010010101010101100101101001100101100000100010000000000001100011000101011000100000000111110100000000001000000000001010000010001000001000101010100000010000000000110100100000000000010101111001000000000000100000000000000110100000000000001
0000000000000000000000000000000000000000000000000000000000100000001000000000000000000000000000000000000000000000000000000000000000000000000000000000000000000000000000000000000000000000000000000000000000000000000000000000000000000000000000000000000000000
1000010010010000010010000011011001010100001001000100100010100010001000000000000111010100101000101000010111110000000000001000000000000010000010000001000000100000100000000100000000010100000100000000100000000001011001010000000000001000000100000000000000101
1000010110000000010010100000000000000000000000100100000000101000000001000000000110010100000000000000000100000000000000001010000000000110000000000010000000000001001000000000000000000000000000000000000000000000000000000000000000000000000000000000000000001
1100110110000000110010000001110011110100100001000101100010000010001000000001000111010011000000101000000111100000000000001010000000000010000000001011001010100011100000000000000000010100100110000110000000101001001101000000010000010000000000000000000000011
1110110110011010111011111111111111101111111111110101111110111110101001011101111111010111111100011100111111110100100101110010110110111111011011101011111101101011100111011001011100111100110110110110010111010011111011110110111001000110010010000101010001011
0000000000000000000010100001000000000100001000000100000000000000000000000000000100000000000000100000000000101000000000000000000000000000000000000000000000001000000000000000000000010000000010000000000000100000000000000000000000000000000000000000000000000
1101111110010000110010110011111111111111111101110100111010111111000011011100000110010000011100100100100111111100100000111000101100000110011010101011001100101000111111110000010001011100110010100111010100111011011011000110011000000100000010000100000000011
1000010010010000000000000000000000000000100000000000100100100000000000000000000000000000000000000000000001110000000000000000000000000010000000000000000000000000000000000000000100000100000000000000000000000000000000000000000000000000000000000000000000001
1010110111010000110000010001011110000101101101110101101110111110001001000100000010010000111110100000000111110000000000001010000000001010000010101001001000101001110000000000010100011100001010000010000110001001011010000100001000000000000110000000000010001
0100010000010000000010110001010110001001100101000100000100101000000000000001100100000000001000100000000001000110000000001000000000000010000000000001000000000000000000000000000000011000000000000100010000000001000000000000000000001000000000000000000000000
1100110010000000000000010001010000010000000100110100100010110000000000000000010000000100000001000000000000110000000000000010000000101000000010000001001000100000000000000000010000010100001010000000000000000001000000000000000000010000000110000000000000001
1100111011000000111000010001010000000000010100000100110110101110000001000000000111000100000100000000100000110100000000001010000010000010000010000001000000000001101000001001000000010100000000000000010000001001000000000000000000010000000110000000001000001
1000110111000000100010000001010000100110001100000101001010100010001000000000000110000100010010000000010001010000000000001000000100000000000010000001000000001000100000000000010000010100000000000000000000000001000000000000000000010000000110000000001000001
1100010000010000100000110000010010000001000000100100100000101001000001000000000000000000000000100000001100100110000000000000000000000010000000001000001000000010000000000000000000000100000000000000000000110001000000000000000000000000000000000000000000001
1100110110010010110010110001011101101101101001100100101010011100111101010100010000100001001100001000000101110000000000001000001000001010000010001000000000001000000000001000010000010100000100000000000000000001000010000000000000000000000100000000000000001
1100010110000000000000010001000000000001100101010100110110001010001001000000000110011000011011101000010101110001000000001000000000001010000010000001000000000001100000000001000001011000000010100000000000000001000000000000000000000000010110000000000001001
1111110110001000110010110001110111101101001101110100101110011010001001000000011111010100000100101000100111110100000100001000101000110010001010000011100000001000110010010000000000011000100110010110000000100010000010010000100000000000000110000100000000001
1100000010000000000010100000001000010100101000000000000010100010000000000000000010000000001000100000000101001000000000101010000000000010000010100001000000000000000000000000000000010100000010000100000000010000011000000000010000000000000000000000000000000
1111110111010000110010111001011111111111111111110101111110101111001101010101011111111011111101101101110111111100111101111011110101111100011011101011111101100011111100011010010111011101110011110110010100110001010010000010010000010000010111000100000000001
1100010010000000010010010000000000000100000000100100000010011000000000000001000000000000000000000000000001000000000000001000000000000000000000000000000000000010000000000000000000010000100000000010000100000000000000000000000000000000000000000000000000001
0000000000000000000000000000000000000000000000000000000000000000000000000000000000000000000000000000000000000000000000000000000000000000000000000000000000000000000000000000000000000000000000000000000000000000000000000000000000000000000000000000000000000
1100010000000000010010010000001000101001111000100100100000000000000000000000000100000000001000100000110001110100000000001010000000000010000010000001001010000010000000000000000000010100000000000000010000000011000000000000000000000000001000000001000000001
1100010010000000010010000000010000000000000001000000001100000000000000000000000100000000000000000000000111010001000000001010000000001010000010100001000000001010000000000000010000010000000000010100000000000001001001000000000000000000000100000000000010000
1010110010000000010000000001000000001100101001000100100000001110000000000000000011000000011000101001010101000000000000000000000000000000000010000000000000000010100000000000000000010000000000000000000000100001000000000010000000000000000000000000000000001
1111110111011001110011111111111111111111111111111101111111101111111111011101110111010101111111111001110111111111011101001010101110111110011101101011111111101111111111111001110010011100110110011110111100110011001011000110011000011000001110000101010011001
1010110000000000010010000001011000010001101000100100100010101010000000000000000010010000001100000000010111110100000000001000000000000010000010000000010010100001100100000000000000010100000010000000110000001001001000100110001000010000000110000000000000001
1101110111010000110010110011111101101111101110110100101110101011001001000101100110010101111001011000010101110100011000001010100000000110001010001001010100101010100110000101010000010100010010010110000100000001101011010100100000000000001000000100000010001
0000010100000000000000000000000100000000100000010100100010100000000000000000000100000100000100000000000100100000100000000000000000000000000000000000000000000000000000000000000000000000000000100000000000000000000000000000000000000000000000000000000000000
1100010110010000110010010001011100011001101011110100111010101111000001000001110111000000010000111000011110110100000100011010100001100010000010100001001000100011100100000001000010010100100010101110010000110001000010000000000000010100000110000000000100001
0000000000000000000000000000000000000000000000000000000000000000000000000000000000000000000000000000000000000000000000000000000000000000000000000000000000000000000000000000000000000000000000000000000000000000000000000000000000000000000000000000000000000
1100110111010000110011100001010011000101111111110100101110011010100001000000001110001011011100101000000111110001000000111010000000001010000010000001001000100010110000011011000011011110000000110110000100001011000000000010010000001000000110000001000000001
1111111111011010110010111011111111111111111111110101111110111111001011010101111111110001111100111000110111110101100001011010111110011110011010101010111111101011100101111011010111011111011010111111110110110011111011101100110001011010010110000001001001011
1110010000010000110000010001010000100100000000000100100000100011000000000000000010000001011000001000000101110000000000001000000000001010000010000001000000000000100000000000000000010100000000010100000100100001100001000000010000010010000100000000000000001
1111110110000000000000100001001100000101110001110100100010100010000000000100000110000110011000000000010100111000100000001000000000000010000011100001000000000001100100000010000010010100000010000000000000100001000010000000000000010000000110000000000000001
1100111110010000110010110001011100101111011101110101111110111111001001010100011111011001010101000000100111111100111100011010101001000010010010001011000110101101000111000010010101010000110100010100000100100000010011000000000000010100001001001100000010001
1100010110010000110000100001011010011000100000010100000100011110001000000000010000000001111000100000000001110110000000001010000000000010000010100001001000101100000100000000000000010100010000000100000000000001100001000000000000010010000110000000000000001
1100110111000000110010110001111110000111101001110101111010000100000001000100010110010000000100000000010100100000100000010000000000000000010011000001001001001010010000000000000000000000110000000100000001000001000000000010000000010000000000000000000000011
1100010010000000000010100001010010011000101001100100000000000010000000000000000010000000000000100000000101100110000000001000000000000010000010000001000010001000100000100000000000010100000000000100010000011000000010000000010000001000000000000000000000001
1110110111011001110010110001100111100101101101110101111110110010111001000000000111011101010110100001000111110100000101011010101000000010000011101011001100001010100000110000000001010100100010010100000111101011100110000000000000100110001110101001000000111
0100000000000000000000010000000000000000000000000000100000001000000000000100000000000000001000000000000000000000000000000000000000000000000000000000000000000000000000000000000000000000000000000000000000000000000000000000000000000000000000000000000000000
1110110110010000110010110001011110101101101101110100101010111110001101000101110101010001111100110000110111111100000100001110100010101000001010100001001111100101000100000001000000010100001011010110011010111011001001000000100000011000000010100000000000001
0100010100010000010000000000010000000000000000000100000010001010000001000000000001010000000000100000000101000000000000000000000000000000000010000000001100001000000000000000000000000000000011000000000000000001000001000000000000000000000000000000000000001
1111110110010010110010111001111101101101111111110101111110111111001001000101001111111111101100110000110111111100000100011000000001000011011110101011000010100001100101001001000001011101000000110110110100110001011010110000010000000100000100100000000000011
1101110110010000110010110001110111000100111100110100111110111011001001000000000110010011001010101000100101110101100000111000100100010010000011001001011000001010100000000001000100010100110010100110010110110001101000000000010000010000000000000000000000001
1111110110011010011010110101010111011111111101110101111110111111100111011101111111111101011101101001010111110100111101011010100110011010000111101011110001100011010000010000100000111100101011110110000100111011000010100100010000000000000010101101000000001
1100010010010000010000100001010110000101100101010100010100101110001001000000000110010000000000000000000110111000100000000010100000001010000010000010000010000000100000000000000000001100000000000000000000001000000000000000001000000000000100000000000000001
1000110110010000110000111001001100111100101000110101101010001100001001000100010100000001110100000000000101111100100000100010000100000010000010000000000000000000000000000000000011010100000000000000010000110001000000000000000000000000000101000000000000001
1100010110010000110010110001011100101000111001110100111010100110001001000100000101010001001110000000000111110100100000001010000000000010000011101001011100001010000010000001000000010100110010000110110100100001010010000000001000011100010110000000000000001
1000010010000000000000000001001100010101101000110100100010011000001000000000010001000001000000101000000110110100100000001010000000001000000010100000001000000000000100000000100000010100000010000010010000000001101000000000000000000010000100000000000000001
0100010000000000010000000000010000010000000000000101100010100000000001000000000000000001011000100000000001110100000000001010000000000000000010000001001000000010000000000000000000010100000000001100010100100001101001000000010000000010000110000000000000001
1000110100000000110000000001010000001000011000100100001000110010000000000000000000000000010000000000000100100000000000000010000000000000000010000001000001100000000000000001000000000000000000000000000000000000000000000000000000000000000000000000000000001
1101010110010000110010110001010010110111100001110100110010000010000000000100000111010101010100101100010111110110000100001010000000001010000010000011000000100000100000000000000000010110100010000100000000011001010000000000000000010000001100100000000000001
0000110010000000010000000001001000000000101000000101000000000000001001000000000001110000100110100000010101110000000000001000000100100010000010000011000000000010000000000001000000010010000000000000000000010001000000000100000000000000000100000000000000001
1100010000000000010000000011000100001001001000010100100010000000001000000000000000010000000100000000010001000100100001000000000000000000000000100000000000000000000000000000000000000000000000000000000000000000000010000100000000000000000000000000000000001
1100010010010000010000000000001000000000011000010100000010110000000000000001001000000100011001100000000001110000000000000000000000000010000000000011011000000000000000000000000000010000000010000110000100000001000000000000010000000000000000000000000000001
1100110110011000110000110001111000110101101111000100001110101000000001010001100100010000110100100000110111100101000000001000000100010000000010101011000000001011000100101000010010011111001000000100000010110001010000000000010001000000000000000000000001001
1000010000000000100000000000010000000000100001100100111000011010001000000000000011000000000100100000000110110000000000000000000000000000000010000000000000000000100010000000000000010000000000000000000000010001000000000000000000000000000100000000000000001
1100110110000000011010110001010111000100111000110100101010101000000000000100011011010000011000110000000101111110100000001010101010100010001010100001001000000000000000000001000000010100100010000100000100000001011000100100010000000000000010000000000010001
1100010110000000000000010000000000000110100001100100000010000000000000000000000000000001001000000000000100110000000000001000000000000000000000000000000000000000000000000000000000000000000010000000000000100000100000000000000000000010000010000000000000001
1000010000000000000010000000010000000000100000000100000100000000000001000000000000000000000000100000100100100000000000001001100000000010000000000001001000000001000000000000000000000000010010000000000100100001000000000000000000010000000000000000000000001
1010010110010000100000100001110100001001001101010100100010110011001001000100010100010001000010000000000101010000100000000000000000000010000010001011010000000000001000000001000001011100000000100000000100000010000010000100000001000000000010000000000000001
1000010110000000010010100001001100000100100001110100100110000000000000000000000110000000001000100000000101101000100000000010000000010010000000000011001000100010001000000000000010010100000010011000000000000001010010000000000000000000000000000000000000001
0000010110010000000000000000000001000101000000100100100000000010000000000001100110010100000000000000000101100000000100001000000000000000000000000000000000000000100000000000000000010000000000100001000000000001000000000000000000000000000000000000000000001
1110110111011001110011111111111111111111111111111101111110111111101111011101111111111110111111111100111111111101111101011110111110111111011111101011111101101011101111011011110011101111111110111110011111111011111011110110111001011100001110101000000100001
1100010010011000100010010001010110001111100101100100100010000111110001000000000110011001010100100000100101110100000000001010110000011010000010000011000000000010110000000001000010010000001010110000010000100011000000000000000000001000011010000001000001001
1110110111010010110011111011011111111111111111110101111110101110111101011101011111111111011100111001110111110101100101011011101111100110010011101011110101101011111111010001010011010000110110110110110101111001011010001100001000010000000110000000000000101
1100110010000000010011000000000000000000100011000100001000000000000000000000000100000000000100000000000000000000000000000000000000000000000000000011000000000000000000011001000000010000000000000110000000000000000000000000000000000000000000000000000000001
1111010010000000010000100001000000000000001000000100000000000000000000010000011100000000100000000000000001010100000000000000000000000010000000000001000000000010000000000001000000010000000010000100010000000000000000000000000001000000000010000000000000001
1000010110011000110010000000011000011101101001100100100010101110001000000001101111000000001010101000000101110100000100011010000000001011000010001000001010100001100100010000010000010100000010000010010101011001010000010000000000000000000110100000000000001
1100010010010000110000100001001010011000101000000100100110100010000000000001010000010101101000100000000111110100000000001010000000000010000010100001001110000001000100000000000100010100000000000100010000111001011000000100000000010000000100000000000000001
1110110010000000010010010001011000000001100101110100111010001010000001000001000110000000011000000000000101100100000000000000101000000000000000000001000000001000100000000001000000011000000000100000000000000001010000100000000001001000010000000000000000001
1101010010000000100000110001010101101101001001010100010010000011000001000000000000000000000100000000000101100100100001011000000000101000000010000000001000000000000000000000000000010100000000000000000000000000000010000000000000000000000000000000000000001
1111111111011010110011110001011111110101111101111101111110111111111101011101011111000100110111111000110111110100100000011110101000011110000011101001010000101101100110010010011101011101100000110110010100100011011011000000000000000100010010000001000000001
1100010110010000000000000000010000000000100100110100100000101010000000000100000010000000001000000000000001000000000000000000000000000010000000000000000000001100100000000000000000000000000000000000000000000000000000000000000000000000000000000000000000000
1100110110010000010000110001011100110101101101110100111110100110000001000101110111010101001100010000000111111100000000001010000000010010000000011011000000000011100000000000000010111100001010000100010000010001111001000100010000000000000010000000000100001
1110110110010000110010110001010110011101101101110101100000001010000011000001111110000010111000000000000110110100100000001000000000001010001010100011101000101010100000000000000001011100000010000100000000100001000000000000000000000000000100000000000000001
1000010110000000000000010000000000100000011000010100000000000000000001000000001000000000000000000000000111000000000000000000000000000000000010001001000000000000000001000000000001010000000000000000000000100010000010000000000000000000000000000000000000001
1110111110010010110010110011111011111101111111110101111110111011001001000101011111110001111100111000100111110101000000011010010000001110001010101011101111101011100101010011010000010111010010110011110100110011111011101100010000001010000110000001000000011
1100010110000000110010110001011000110100111101110100110100111110001001000000011110010100011101101001000111111101000000011010100000001011000010101011000000001011100110000010000000010110100010000100000100101011010010000110000000000000000100000000000000001
0100000000010000000000100000000000000100000100010100100000000000000000000001100000000000000000000000000000001000000000000010000000000000000000000001000000000000000000000000000000100000000000000100000000010000000000000000010000000000000000000000000000001
1100110000000000010000110001001000000100101100000100100110101011000000000000001000000000100000000000000110011100000001000000000000000000000011000001000000000010000100000000000000000100000000000100000000000000001010000000000000000000000100000000000000001
1101011111010000110010110001111110000111111111110100111110001110001001011101010111010001110010101000100111100100000100001010010100000010010011001001000001001011001111000000000000011101110010100100000110100011010011000000010000000000000000100000000000001
1100010000010000000000010001010001010100011000000100010000101101100000000100000000000100010100000000000100010000000000000000000000000000000010000000000000001000000000000000000000010000000000000000000000000000000000000000100000000000000010000000000000000
1110110110011000110011111001011111010101111001110100101110011110001001010000001111001001001101001000100101110110100100001010100000000011000010100011101000100011100101000010010110010100100010000110010000111001010010000010000000000000000100000000000010001
1000000000010000000000000000010000001000001000110100000000010000001100000000000000000000000000100000000000110100000000001000100000000000000000000001000000101001000000000001000000010000000000000000010000000001001000000000000000010000000010000000000000001
1000000000000000000010000000000000010001100001000000000000100100000000000000000001000000001000001000000101100000000100001000000000000000000000000000000010100000000000000000000000010100100000000000000000001001000000000000000000000000000000100000000000001
1110111111010010010010110001011111110111101101100101101110001010000011011001011111010011000000100000010111111101000100010110000001001010000110001001111000101011101101000001001100011100010010011110010100000001000110000000000001000000000100100000000000001
1100110110010000110011110001010001000101111001110100110010110110101000010101111111010000010100100000010111110100000100001010000001000110000010001001000001001011101000011001100000010100110000100101000100000011001011000100100000000100000110100100000001001
1100110110010010010010111001010111000101101001110100110111011110100001000101001111000101000100101001000101111000100100010010100100000000000001000010000001101000110000010000000000010100110000000010000101000001000011000000000000000000000000101000000000001
0000000000000000000000000000000000000000000000000000000000000000000000000000000000000000000000000000000000000000000000000000000000000000000000000000000000000000000000000000000000000000000000000000000000000000000000000000000000000000000000000000000000000
1100010110010000010000010001010010010101111101100100101111100011100000000000000111010001101100101000000101110100000000001010000000001000010010000011000000101000100000000000000010011000000010001110010000010001000000000000000000000000000000000001000000001
1111111111011010111011111011111111100111111101111100111110111111111001011101111111111111110111111001111111111100111101011010111111110010011111101011110110101111101111011011110101111100111010110110010111111010110011010000100000000000010010100100000000001
1110010110010000110000110001010110100111101001110100111010001010100000001101000100000101000000010000100111100000000000001000000000000000000000100001100100100001000011000000001000010000000000100100000000000001010000000010000000000010000000000000000100001
1111010110000000010010110001011100010101101000110100100010000000001001000000001110010001011000101100010111110100000001001010100000000110000000000001001000000010000100010001010001010100111010100110010100000001100010000110000000000010000010000000000000001
1101110110010010110010110001010101101101011101100100111010100111001001010101000111010000011010000000000111110100000001011010100000000100001011100001000000001011000011000000010000010100010010100100100010010000000011000000000000010000000010000000000000101
1000100000000000000000000000000000000000000000000000100000000000000000000000000001000000000000100000000110100000000000010000000000000000000000000000000000100000000000000000000000000000000000000000000000100000000000000000000000000000000000000000000000000
1100110110010000110010010011011010000101101101110100101010101110001101010101100011010000011110100000000101110100000000001010100000101010000010101001011001100010100100000100000011010100000110001110110100111001011001000100011000000000001010000000000000001
1110110010010000010000110001010000000100101001100100101000100110101001000101100100010100000000101100010001110000011001011010000000000000001010100001101100001100000001000000000000010000000010100100010000011001001010000100010000000000000110000000000000001
0100010000000000010010010001000000000000100000000001100000101011000000000000000010000000000000000000000001100100000000001000000000000000000001000001000000000010100000000000010000010000001000000100000000000000000000000000000000000000000000000000000010001
1000010000000000000010110000000001110000011100010100100100000000000000000000000101000000011100000000000000100000000001001000000000001000000000100000000000000010000000000000000000010000100000000000000000000001000000000000000000010000000000001000000000001
0100010000000000000000100000000000001000101000000100001000000000000000000000000000000000001000000000000000100000000000000000000000000000000000000001000000000000000000000000000000000100000000000100000000000000000000000000000000000000000000000000000000001
1100111011010000110010110011011101001100101001011100111010111011000000000101100111110100011100000000100111110001100000001010100000000000000011100001000000000000100000001100010010010100010000100110000000010000010011000000000000000000000000000000000000001
1000011100000000010000110001010001010000000001010100000000000001000000000000000000001000101100000000000101100000000000001010000000000010000111000010000010000000000000000000000000010000000000000010000100000000110000000000000000000000000000000000000000001
0000000000000000000000000000000000000000000000000000000000000000000000000000000000000000000000000000000000000000000000000000000000000000000000000000000000000000000000000000000000000000000000000000000000000000000000000000000000000000000000000000000000000
0000010000000000010000110001000010000101101000000100001010100000000000000000010001000000010100000000000110011000000100001000000000001000000000100001000000001000000000000000000000010000000000000000001000010001000000000000000000000000000010100000000000001
1110110110000000110010110011111010000101011111110100111100101010000001000101001111110001010100110000100100110100000000011010000000000110000010000011100001000011100001000011010000010000000000100101010000000000000011000000000000000000000000000000000000011
1000010110000000000000000001001010000110100100010100000110000000000001000001000000001001010000000000000100000000000000001010100000000000000011000000000000000000010100000000000000010100000000000000000000000000000010000000000000010000000000000000000000001
0000000000000000000000000000000000000000000000000000000000000000000000000000000000000000000000000000000000000000000000000000000000000000000000000000000000000000000000000000000000000000000000000000000000000000000000000000000000000000000000000000000000000
0000000000000000000000000000000000000000000000000000000000000000000000000000000000000000000000000000000000000000000000000000000000000000000000000000000000000000000000000000000000000000000000000000000000000000000000000000000000000000000000000000000000000
0100010010000000000000010001000000000000000100000100001000000000000001000001000100000000100000000000000000000100000000001000000000000000000000000001000000000000000000000001000010010001001000000000000000100000000000000000000000000000000000000000000000001
1000000000000000000000000000000000000000000000000000000000000000000000000000000000000000000000000000000100100000000000000000000000000000000000000000000000100000000000000000000000000000000000000000000000000000000000000000000000000000000000000000000000000
1111110111011010110000110001011111000101101001111101111110001111001100000000000100010101010110001000010111110100100000010000001110000010000011001001111110001001000100010000000100010100010000000000000010000000001000010000001000000000000100000000000000001
1100010110000000110010010001011100000101001101100100100110001110000000000001000100011001000000100000010101100101000001000000010000000000000010000011000001001000000100000000000000011000001000000100000000000000000000000000000000000000000000000000000000001
1000000000001000000010100001001100000100100000010100000000000000001001000000000000010000000000100000000100111000100000001010000000000000000000001000001000100010000100000000000000010000000010000000000000010000000000000000000000000000000010000000000000000
1110010110010000110000110001010110100111101001110100101010001010100000001101000100000101000000010000100111100000000000001000000000000000000000000001100100100000000011000000001000000000000000000100000000000000110000000000000000000000000000000000000000001
0000000000000000000000000000000000000000000000000000000000000000000000000000000000000000000000000000000000000000000000000000000000000000000000000000000000000000000000000000000000000000000000000000000000000000000000000000000000000000000000000000000000000
0000000000000000000000000000000000000000000000000000000000000000000000000000000000000000000000000000000000000000000000000000000000000000000000000000000000000000000000000000000000000000000000000000000000000000000000000000000000000000000000000000000000000
1100010010010000000000010001001010000111001101000100001010000000110001000000000100000000000000000000001111110000000000001000000000010010000000000001000000000000000100000000000000001000001010000000000000000001000000000000000000000000000010000000000000001
1100010010000000010000110000000000000001000101100100010000100111000000000100000011000001000100000001000001100000000000000000000000000000010010100000001000100000000000010000000000011000000000000000000000000000000010000000000000000000000000000000000000001
1111110111010000110010111111111011100111111011111101111110101111111111011100010111010100010111011000000111111100011101000000101110111010001011001011110100100010011111011000100000010100110000010110100100110000000001000000000000010000000010000000000000001
1101110110010000110010110001111111101111111111110101111110111010001100000100011111010101110000011000010111111100100100001010101110011010000011001011010100101000100101000000011010011101100010100100001010010001011011000000100000000100010100100000000000011
1000110110000000010000100000000000000000001100000101000000000000000000000100000100000000000000000000000000000000000000000000000000000010000000000000001000000000001000000000000000000000000000000000000000000000000000000000000000000000000000000000000000001
1100110010000000000010000001000101000101001001000100100000100010000000000001000011000101000000100000000111110100000100000000000000000000000000000000000000101010100000010000000000010000100000000000010001111001000000000000100000000000000010000000000000000
0000000000000000000000000000000000000000000000000000000000000000000000000000000000000000000000000000000000000000000000000000000000000000000000000000000000000000000000000000000000000000000000000000000000000000000000000000000000000000000000000000000000000
1000000000000000000000000000000000000000000000100100000000000010000000000000000011000000001001100000000000100000000000000000000000000000000000000000001000100000100000000000000000010000000000000000000000001000000000010000000000000000000000000000000000000
1100010010010000010010010000010000000000100000000100000000000011100000000000000011000000011000000000000100000000000000001010000000001010000010100000001000000000100000000000000000000000000000000000000000010001000000000000000000000000000000000000000000001
0000000000000000000000000000000000000000000000000000000000000000000000000000000000000000000000000000000000000000000000000000000000000000000000000000000000000000000000000000000000000000000000000000000000000000000000000000000000000000000000000000000000000
1100010100010000010000010000010000000101111101100100101111000011100000000000000110010001001100101000000101110000000000001000000000000000010010000011000000100000100000000000000000001000000010000100000000000010000000000000000000000000000000000000000000001
0000000000000000000000000000000000000000000000000000000000000000000000000000000000000000000000000000000000000000000000000000000000000000000000000000000000000000000000000000000000000000000000000000000000000000000000000000000000000000000000000000000000000
0000010000000000010000011000000000000000100000000100100000000000000000000000000000000000000000000000000100000000000000001000000000000000000010000000000000000000000000000000000000000000000000000000000000000000000000000000000000000000000000000000000000000
1000010001000000100000000000010000000000000100000000000000000000000000000000000000000000000000000000000000000000000000000000000110000000000000000001000000000000000000000000000000000000000000000000000000000000000000000000000000000000000000000000000000001
1000000010000000000000010000001000000000001100010100011000000000000000000000000100010000000000010000000100000000000000000000000000000000000000001000000000000000000000000000000000010000000000100000000000000000100000000000000000000000000000000000000000000
0100010000000000011010010000010001000000010000000100100010101000000000000000000010000000000000100000000101000000000000000000100000000000001010100000001000000000000000000000010000000000000000000000000100000000000000100000000000000000000000000000000000000
1000010010011000000000110000000000110101000101000100000010000000000000010001100000010000000000100000000110100000000000001000000000010000000010000001000000000000000000000001000000001000000000000000000000010000000000000000000000000000000000000000000000001
1000010000000000000010000000000001000000000000000100000000000000000000000000000000010000000000000000000000100000000001000000000000000000000000000000000000100000000000000000000000000100000000000000000000000000001000000000000000000000000000000000000000000
1100110100000000110000100001100000000100000000000100000000000000000000000000000000010000000000000000000000111000000000011010000000000000000000000001000010100010000000000000000000000000000000000100000000000000000000000000010000000000000010000000000000001
1111111111110010110111110111111111111101111111110101111110111111001101011101111111111101111111111001111111111111111101111011101111111011010111101011111111101111111111111111111111111111111110111111110111111011111011111110111001011010011111000101001001010
