0100110110010100110010110001010100101111111001011100100010011010001000000100011110010101010100000000010101100100100000101000000000100010001010010011011100101000101000000000001000010100000000000000000000010011010000000000001000000000000000000000000000001
1000010110000100110110100000010001100101101001100100100010101011000000001001000110010101000001001000110101100000000000001000000000000010010011001001000000101001100000000000000010000000000001100110000000100001010000000000010000000000000000000100000000001
0000010000000000100000000000000000001000000000000000000000000000000000000000000000000000000000000000000000000000000000000000000000000000000110000000000000000000000000000000000000000000000000000000000000100000000000000000000000000000000000000000000000000
0000000000000100010000100000000000000000100000000000000010000000000000000000000000000000000000000000000000000000000000001000000000000000000000000000010000000000000000000000000000000000000000000000000000000000000000000000000000000000000000000000000000001
1000010000000000110010000000010000100100000000000100100000000011000000000000010011000000010000000000000101000000000000010000000000000000000000000000000000000000100000000000000000000000000000000000000000010001000111100000000000000000000000000000000000000
1110101110000100110110110001111010101111101111110100101110001011001001000100011111010001010111101000100101101101000001011010000000000010000010101011001010100010101000110001000000010000100010010110000101110010011001000000000000000000000000000000000000001
0000010000000000000000000000000000000000000000000000000000000000000000000000000000000000000000000000000000100000000000000000000000000000000000000000000000000000000000000000000000010000000000000000000000000000000000000000000000000000000000000000000000001
1100010000000100010000110000101000000000000010100100000000000010001000000000000110010000010000100000000000110000000000001000000000000010000010010000000100000010100000000000000000010000000001000000000100000001000000000000000000010000000000000000000000001
1100010000001100000100110000000100001100111000010001101010001110001000001000000010000000000100001000000100110000100000111000000000010010000010001000000000000000100000000000000000000000000000000000000000000000000000000000000000010000000000000000000000001
0000000000000000000000000000000000000000000000000000000000000000000000000000000000000000000000000000000000000000000000000000000000000000000000000000000000000000000000000000000000000000000000000000000000000000000000000000000000000000000000000000000000000
0000000000000000000000000000000000000000000000000000000000000000000000000000000000000000000000000000000000000000000000000000000000000000000000000000000000000000000000000000000000000000000000000000000000000000000000000000000000000000000000000000000000000
1000000000000000000000000000000000000001000000000000000000000000000000000000000000000000000000000000000000000000000000000000000000000000000010000000000010000000000000000000000000000000000000000000000000000000000001000000000000000000000000000000000000000
0000000010000000000000010000000000001000000000000000100000001000000000000000000000000000000000000000000000010000000000000000000000000000000000000000000000010000000000000000000000000000000000000000000000000000000000000000000000000000000000000000000000000
1101010110000000010000100000000000000000111010000100101010111100000000000001001100010100000000001000010001100100011000111000000000100000010000000011010000000011000010001000000001000000001000100100000000100001000010000000000000000000000000000000000000001
0000000000000000000000000000000000000000100000000000100000000000000000000000000000000000000000000000000000000000000000001000000000000000000000000000000000000000000000000000000000000000000000000000000000000000000000000000000000000000000000000000000000000
0000000000000000000000000000000000000000000000000000000000000000000000000000000000000000000000000000000000000000000000000000000000000000000000000000000000000000000000000000000000000000000000000000000000000000000000000000000000000000000000000000000000000
1110110000000000010010000000010000000100100000000100100000001000000000000000000100010000000101100000000001101000000000000010000000000010000010000001101000000000001000000000000000010000000010000100000000000010000000100000000000000000000000000000000000001
1101110100000100100010111001000000101100101000100100111010101010000001000001000110010001000100001000000101100001011000001000000000000000000010010001011100100001100000000000000000010000110000000100000100100001011001100000000000000000000000010100000000001
0000000000000000000000000000000000000000000000000100000000000000000000000000000000000000000000000000000000000000000000000000000000000000000000000000000000000000000000000000000000000000000010000000000000000000000000000000000000000000000000000000000000000
0100010010000000000000000000000000000000000000000001000000001000000000000001000000000000000000000000000000000000000000001000000000000000000000000000000000000000000000000000000000000000000000000000000000000000000000000000000000000000000000000000000000000
1100110000000000110000110001010100000100101001100100111100101010000000001000010100000001000000000000100101100000011000001000010000000000001000000001000000101001000000000000000010000000101000000100000010000000000000100000010000000100000000010000000000001
0000000000000000000000000000000000000000000000000000000000000000000000000000000000000000000000000000000001000000000000000000000000000010000000000000000000000000000000000000000000000000000000000000000000000000000000000000000000000000000000000000000000000
1101010110000100010010000001000000001100001000000100100010000000000000000000000100000000000000000000000101011000000000001000000000000000000000100010000000000000000000000100000000000000000000000000000000000000010000000000000000010000000000000000000000001
1000010110001000010010001101010000001100001000000101110000001011000000000100000110000000000000000000000100110000000000001010000000000000000010010001000000011000100000000000000000000000001010000000000000000001001000000000100000000000000000000000000000000
0000000000000000010000010000000000000000000000000000000000001000000000000000000000000000000000000000000000000000000000000000000000000000000000000000000000000000000000000000000000000000000000000000000000000000001000000000000000000000000000000000000000000
0000000000000000000000010000000000001100000000000000000000000000000000000000000000000000000000000000000000000000000000000000000000000000000000000000000000000000000000000000000000000000000000000000000000000000000000000000000000000000000000000000000000000
0000000000000000000000000000000000000000000000000000000000000000000000000000000000000000000000000000000000000000000000000000000000000000000000000000000000000000000000000000000000000000000000000000000000000000000000000000000000000000000000000000000000000
1000010000000000010010110000000000000000001000000100100000000000000001000000001100000000000000000000000000100000000000001000000000000000000000100000000000001000000000000100000000010000000010000000000000100000000000000000000000000100000000000000000000001
0000010100000000000000000000000000000000000000000000000000000000000000000000000000010000000000000000000000000000000000000000000000000000000000000000000000000000000000000000000000000000000000000000000100000000000000000000000000000000000000000000000000001
1100110000000000100010010000000000101100100000010100111010010011000000000000010010000000010000000000000000100000000000001000100000000000000000000001000000000000100000000000000000010000001010000100000100100000000000000000000000000000000000000000000000001
0000010100000000000000000000000000000000000010000000000000000000000000000000000000000100000000000000000100101000000000000000000000000000000000001000000000000000000100000000000000010000000000000000000000000000000000000000000000000000000000000000000000000
1000000010000000000010000000000000000000000000010000000000000000000000000000000000000000100000100000000000100000100000000000000000000000000000000000000000000000000000000000000010000100000000000000000000000000000000000000001000000000000000000000000000000
0000010000000000000000000000000000000000000000010000000000000000000000000000010001000000000000000000000000000110000000000000000000000000000010000000000000000001000000000000000000000000000000000000000000000000000000000000000000000000000000000000000000000
0100000000000000000000000000000000010001000000000100000000000000000000000000000100000000000000000000000100010000000000000000000000000000000000000000000000000001000000000000000000000000000000000000000000100000000000000000000000000000000000000000000000000
1100110000000000010000000000010000001100100000000100100000000000001000000000010100010000000000000000000001000001000000000000000000000000000010000001000000100000000000000000000000000000000000000100000000000000000000000000000000000000000000000000000000000
0000000000000000000000000000000001000000000000000000000000000000000000000000000000000000000000000000000000000000000000000000000000000000000000000000000000000000000000000000000000000000000000000000000000000000000000000000000000000000000000000000000000000
1010010010001000010000110100010000100100101000010100100010100001000000000100000100000000000000000000000101000000000000000000000000000000000010000001000000000000000000000000000000000000000000000000000000000010000000000000000000000000000000000000000000001
1100110010000000110010110100010000101010000000000100100000000010000000000001100010000000010000000000000001001000000000000000000000100000000000001001000000000000100010000000000000100000000100010100000000000000000000100000000000000000000000000000000000001
1000010000000000000000000000000000000100000000000000100000000000000000000000000000000000000000000000000101000000000000001000000000100000000000000000000000000000000000000000000000000000000000000000000000000000001000000000000000000000000000000000000000001
1100010000010000000000000000000001000000100000000000000100000000000000000000000000000000000000100000000100000001000000000000000100000000000000000001000000000000000010000000000000010000000000000100000000000000000000000000000000000000000000000000000000000
1101010010000110110010000000010000101001000000100100010100001110000000000000000011111000010000000000000100100001000001000000000000000010000010001001010000001000100000001000000000010000000010000100000000000000000000000000100000000000000000000000000000001
1000000010000100000000000000000000000000000000000000000000000000000000000000000000000000000000000000000000000000000000000000000000000000000000000000010000000000000000000010000000000000000000000000000000000000000000000000000000000000000000000000000000000
1100010010000100010010110001000000001000000000000101000000000101000000000000001100000000000100000000000101100000000000001010000000000000000010000001000000001000000000000000001000010000000010000010000010000000000000000000100000000000000000000000000000001
0000010000000000000000000000000000000000000000000100000100000000000000000000000001000000000000000000000000010000000000000000000000000000000000000000000000000000000000000000000000000000000000000000000000000000000000000000000000000000000000000000000000001
0000010100000100000000000000001000000000000000010100000000000000000000000000000000000000000000000000000001000000000000000000000000000000000000000000000000000010000000000000000001000000000000000000000000000000000000000000000000000000000000000000000000001
1100010000000000000010000000000000000000000000010000100000000010000001000000001101000001000000000000100101100100000000000010000000000000001000001001000000001000000000000000000000000000100000000100000001100000000000000000010010000000000000001000000000001
0100010100000000010010000000000000000000100000000100100000101010001000001000000011000101000000000000000001000000000000001000000000000000000000000000000000000000100000000000100000010100000000000000000100000000000001000000000000000000000000000000000000000
1000010010000000000000000000010110001000000011000100100000100000000000000000000001000000100000100000000101100000100000001000100000000000000000000100000000000000000000010000000000000000000000000000000100100000000000000000000010000000000000000000000000000
1000000000000000000000000000000000000000000000000000000000000010000000000000000010000000000000000000000000000000000000000000000000000000000000000000000000000000100000000000000000000000000000000000000000000000000000000000000000000000000000000000000000000
1100110100000100111010110001010001101100101110110011111110101011001001000000000111010000010100101000000101111100000001001000000000000000000010010011011010101010100000000000001010010000100011110100010010110000010000000000010010010100000010000000000000001
0000000000000000000000000000000000000000000000000100000000000000000000000000000000000000000000000000000000000000000000000000000000000000000000000000000000000000000000000000000000000000000000000000000000000000000000000000000000000000000000000000000000000
0000000010000000000100010000000000000000001000000100100000000000000000000000000000000000000000000001000000000000000000000000000000000010000000000000000000000000000000000000000000000000100000000000000000000000000000000000000000000000000000000000000000000
1100110010001110110010110001010000101110000001110101011000001101001000000001000100010000100000100000000101010000011000001000000000000010000000000011000010100010001000000000100000000000100010000101100100100000001000100000000000000000000000010000000000000
0000000000000000010010010000010000000000100000000100100010001010001000000000000110000000000000000000000000000000000000000000000000000000000000000000000000000000100000000000000000000000100010100000000000000000000000000000000000000000000000000000000000000
0000010010000100010010000000010000000000000000000100100000101010000000000000000010000000110000001000000000000100000000001000100000000000000000000001000000000001100000000001000000010000000000000000010000000000000000000000000000000000000000010000000000000
0000010000000000000010000000000000000001100100000100000000000000000000000000000000000000000000000000000000010001000000000000000000010000000000000000000000000000000000000000000000000000000000000000000000000000000000000000000000000000000000000000000000000
1101010010000100010000100000010000001000000000000100010000001000000000000000000100000000000000000000000101000000000000001000000000010010000000000001010000000001001000000000000000010000000000000100000000100001010000000000010000000000000000000000000000000
0000000000000000000000000000000000000000000000000000000000000000000000000000000000000000000000000000000000000000000000000000000000000000000000000000000000000000000000000000000000000000000000000000000000000000000000000000000000000000000000000000000000000
0100000000000100010010000000000000001000000000110100001000001000000000000000010000000000000000001000000000100000000000000000000000000000000000000000000000100001000000000000000000000000010000000000000000000000000000000000000000000000000000000000000000001
1000000000000100000000000000010000000000000000000000000000001011000000000000000010000000000000001000010000000000000000000000000000000000000000000000000000100000100010000000000000000000000000000000000000100000000000000000000000000000000000000000000000000
1100010010001100110110011000000000000000100000100100111010110110000000000100000000000000000000000000000000100000000000000000000000000000000001011001000100010010000000000000100000000000000000010100000000000000001000000000000010000000000000000000000000001
0000000010000100000000000000000000000000101000000000100000001000000000000000000001000000100000100100000100100000000000000000000000000000000010000000000000000010000000000000000000000000000010000000000000000000000000000000000000000000000000000000000000000
1100110110000000010010010000010000000100100001101100011000011000000000000001000010000000000000000000000100100100000001010000000000000000000010011001000100100000100000000000000000000000010000000100000000000000000100000000010000000000000000000000000000001
0100110000000000000000010000010000001000001000000100100000010000000000000000000000000000000101000000000001100000000000001000000000000000000010000001000000000000000000000000000000000000001000000100000000000000000000000000000000000000000000000000000000000
0000000000000000000000000000000000000000000000000000000000000000000000000000000000000000000000000000000000000000000000000000000000000000000000000000000000000000000000000000000000000000000000000000000000000000000000000000000000000000000000000000000000000
0000000000000000000000000000000000000000000000000000000000000000000000000000000000000000000000000000000000000000000000000000000000000000000000000000000000000000000000000000000000000000000000000000000000000000000000000000000000000000000000000000000000000
1000010110000000000000000000000000100000000000100100110000000000000000000000010000000000000010000000100100010000000001000000000000000000000000000000000000000000000000000000100000000000000000000000000000000000000000000000000000010000000000000000000000000
0000000000000000000000000000000000000000000000000000000000000000000000000000000000000000000000000000000000000000000000000000000000000000000000000000000000000000000000000000000000000000000000000000000000000000000000000000000000000000000000000000000000000
0000000000000000000000000000000000000000000000000000000000000000000000000000000000000000000000000000000000000000000000000000000000000000000000000000000000000000000000000000000000000000000000000000000000000000000000000000000000000000000000000000000000000
0000010000000000010000000001000000000000000001000100000000000000000000000000001000000000000000000000000000000000000000001010000000000000000000001000001000000000000000000000000000010000000000000000000000000000000000000000000000000000000010000000000000001
0000000000000000000000000000000000000000000000000000000000000000000000000000000000000000000000000000000000000000000000000000000000000000000000000000000000000000000000000000000000000000000000000000000000000000000000000000000000000000000000000000000000000
0000000000000000000000000000000000000000000000000000000000000000000000000000000000000000000000000000000000000000000000000000000000000000000000000000000000000000000000000000000000000000000000000000000000000000000000000000000000000000000000000000000000000
0100000010000000000010000000000000000000000000100000000000000000000000000000000000000000000000000000000000000000000000001000000000000000000000000001000000000000000000000000000000000000000000000100000000000000000000000000010000000000000000000000000000001
1000010000000000000000010000000000001000000000000000000000001000000000000000000100001000000000000000000000000000000000000000000000000010000000000000000000010000001000000000000000000000000010000000000000000000000000000000000000000000000000000000000000000
0000000000000000000000000000000000000000000000000000000000000000000000000000000000000000000000000000000000000000000000000000000000000000000000000000000000000000000000000000000000000000000000000000000000000000000000000000000000000000000000000000000000000
0100000000000100010100000000000000000100000000000000100000000010000000000000000010000000000000001000000000000000000000001000000000000000000000000000000000000000100000000000000000000000000010000000100000101000000000000000000000000000000000000000000000001
0000000000000000000000000000000000000100000000000000000000000000000000000000000000000000000000000000000000000000000000000000000000000000000000000000000000000000000000000000000000100000000000000000000000000000000000000000000000000000000000000000000000000
1000110000000000000010000000010010100000000000000000000000100000001000000000000001000000000000000000000000000000000000000000000000000000000000000000000000000000000000000000000000000000000000000000000000000000100000000000000000000000000000000000000000001
1000010000000100000000000001000000000000001001000000000000000000000001000000000100000000000000000000000000000000000000000000000000000000000000000000000000000000000000000000000000000000000000000000000000000000000000000000000000000000000000000000000000000
1100010100000100110010110001000001101000001001000100110010000000000000000100001000000100000101000000100001100000000000011000000000000010001000010001010000001001001000100001000000000000001010110100000010100001011000000000010011000000000000000000000000001
1100110110000000010000010000010000000100100000101100011000010010000000000001000000000000100100000000000100100000000001010000000000000000000010001001000000000000100000000000000000000000000000000000000000000000000100000000000000000000000000000000000000001
0000110000000000000000000000000010000000100101110100000000000100000000000000010000100000000000000000000000100100000001010000000000000010000000000000000000000000000000000000000000000000000000000000000100000000000100000000000000000000000000001000000000000
0000000000000000000000000000000000000000100000000000000000000000000000000000000001000000000000000000000000000000000000000000000000000010000000000000000000000000000000001000000000000000000000000000000000000000000000000000000000000000000000000000000000000
1100010100000100110000000000100000100000100000000100100000000000000000000000000000000001000100001000000101100000000000000000000000000000000010000001001000000010000000000001000000000000000000000000000100000000010000000000000000000000000000000100000001001
0000000000000000000000000000000000000000100000000000000000000000000000000100000000000000000000000000000000000000000000000000000000000000000000000000000000000000000000000000000000000000000010000000000000000000000000000000000000000000000000000000000000000
1100000000000100000000000000001000000000000000100000000000000000000000000000000100000000000000000000000000000000000000000000000000000000000000000001000000000010000000000000000000000100000000000100000000000000000000000000000000000000000000000000000000001
0000000000000000000000000000000000000000000000000000000000000000000000000000000000000000000000000000000000000000000000000000000000000000000000000000000000000000000000000000000000000000000000000000000000000000000000000000000000000000000000000000000000000
1100010000000000010010000000000000000000000001100000000000000000000000000000000000010000000000000000000000000000000000000000000000000000000000000001000000001000000000000000000000000000000000000100000000000000000000000000010000000000000000000000000000000
0000000000000000000000000000000100000000000000010000101000000100000000000000000010000000000000000000000000000000100000000000000000000000000000000000000000000000000000000000000000000001000000000000100000000000000000000000000000000000000000000000000000000
1000110100000000000000000000010000000100100000000100001000000000000000000000000000000000000100000000000100100000000000000000100000000000000010000001000000001000000000000001000000000000000000000000000000000000000000010000100000000000000000000000000000001
0000000000000000000000000000000000000000000000000000000000000000000000000000000000000000000000000000000000000000000000000000000000000000000000000000000000000000000000000000000000000000000000000000000000000000000000000000000000000000000000000000000000000
1000010010000000110000000000000000000000001000000100000000000001000000000000000110010000010001000000000000100001000000001000000000000010000010000000000000000000001000000000000000000000000010000000000000000000000000000000000000000000000000000000000000000
0000010000000000000000000000000000000000000000000000000000000000001000000000000000000000000000000000100000000000000000000000000000000000000000000000000000000000000000000000000000000000000000000000000000000000000000000000000000000000000000000000000000000
0100010000000000100000000000000000000000000000000000000000000001000000000000000100000000000100000000000000000000000000000000000000000010000000000000000000000000001000000000000000000000000010000000000000000000000000000000000000000000000000000000000000000
0000010100000000100000000000000100000001000000010100100000000100000000000000000000000000000000000000100100000000100000000000000000000000000000000000000000000000000000000000000000000000000000000000000000000000000000000000000000000000000000000000000000000
0000000000000000000000000000000000000000000000000000000000000000000000000000000000000000000000000000000000000000000000000000000000000000000000000000000000000000000000000000000000000000000000000000000000000000000000000000000000000000000000000000000000000
0100010010000100010000000000000000000000000000000100001000110000000000000001000000010000000000000000010001100100000000010000000000100000000000000001000000000001000010000000000000000000000000000100000000000000000000000000000000000000000000000000000000001
0000000000000000000000000000000000000000000000000000000000000100000000000000000000000000000000000000000000000000000000000000000000000000000000000000000000000000000000000000000000000000000000000000000000000000000000000000000000000000000000000000000000000
0000000000000000000000000000000000000000000000000000000000000000000000000000000000000000000000000000000000000000000000000000000000000000000000000000000000000000000000000000000000000000000000000000000000000000000000000000000000000000000000000000000000000
0000000000000000000000000000000000000000000000000001000000000000000000000000000000000000000000000000000000000000000000000000000000000000000000000000000000100001000000000000000000000000000000000000000000000000000000000000000000000000000000000000000000000
0100010000000000000010000000000000000000000001000000000000000000001000000000000100000000000010100000000001100000000000000000000000000000000000000000000000001000000000000000000000000000000000000000000010100000000000000000000000000000000000000000000000000
1100000000000100000000000000000000000000000000000000000000010000000000000000000000000000000000001000000000000000000000000000000000000000010000000000010000000000000000000000000000000000000000000000000000100000000000000000000000000000000000000000000000000
0000000000000000000000000000000000000000000000000000000000000000000000000000000000000000000000000000000000000000000000000000000000000000000000000000000000000000000000000000000000000000000000000000000000000000000000000000000000000000000000000000000000000
1100110010000000010010110000001001001011101001010100100010000110001000000000000010010000010000100000000001110000000000001000000000000000001011000011000010101000100010011000000000010000100000000100000001010011011010100000110000000000000000000100000000001
0000000000000000000000000000000000000000000000000000000000000000000000000000000000000000000000000000000000000000000000000000000000000000000000000000000000000000000000000000000000000000000000000000000000000000000000000000000000000000000000000000000000000
1100110000000100110011100000000000101110001011110100100010000001000000000000000100010000000000001000100100000000000000001000000000000010010010000000000000000000000000000000000000000000000100000000000000000000000000100000000000000000000000000000000000001
1100011110000100110010010001011100000000101001010100000000101111000000000000000111010000010100001000100100000100100000011000110000000010000010001001000100001001101000100000000001010000011010000000000010100000000010000000000000000000000000001100000000001
0000000110001000000000110000000001000000000100000100100100000000001000000000000000000000000000000000000100000000000000001000000000010000000010000000000000000000000000000000000000000000000000000000000000000010000000000000000000010000000110000001000000000
0000010000000000100000100000001000000100000000000100000000000000000000000000000000000000000000000000000000000000000000000000000000000000000000000000000000000000000000000000000000000000000000000000000000000000000000000000000010000000000000000000000000000
1000010000000100000000000000000010000000000001000100001000000010000000000000000001000000000000001000000000100010000000000000000000000000000000000000000000000001000000000000000000000000000000000000010000000000000000000000000000000000000000001000000000001
0000000000000000000000000000000010000000000000000000000000000000000000000000000000000000000000000000000000000100000000000000000000000000000000000000000000000001000000000000000000000000000000000000000000000000000000000000000000000000000000000000000000000
0000010000000000010000000000000000100001100000000000000100000000000000000000000000000000000100000000000000000000000000000000000000000000000000000000000000000000000000000000000000000000000000000000000000000000000000000000000000000000000000000000000000000
1000000010000000000000000000000100000000000000010000000000000000000000000000000000000000100000100000000000100000000000000000000000000000000000000000000000000000000000000000000000000000000000000000000000000000000000000000000000000000000000000000000000000
0000000000000100010010000000000000000000000000000000100000000000000000000000000000000000000000000000000000000000001000001000000000000000000000000000000000000000000000000000000000000000000000000000000000000000000000000000000000000000000000000000000000000
0000000000000100010010000000000000000000000000000000100000000000000000000000000000000000000000000000000000000000010000001000000000000000000000000000000000000000000000000000000000000000000000000000000000000000000000000000000000000000000000000000000000000
0000000000000000000000000000000000000000000000000000000000000000000000000000000000000000000000000000000000000000000000000000000000000000000000001000000000000000000000000000000000000000000000000000000000000000001000000000000000000000000000000000000000000
0000000000000000000000000000000000000000000000000000000000000000000000000000000000000000000000000000000000000000000000000000000000000000000000000000000000000000000000000000000000000000000000000000000000000000000000000000000000000000000000000000000000000
0000010000000000000000000000000000000000100000000100000000000010001000000000000011000000000000000000000000000000000000000000000000000000000000000000000000000000100000000000000000000000000000000000000000000000000000000000000000000000000000000000000000000
1000000010000100000000000000000000000000000000000000000000000000000000000000000000000000000000000000000000000000000000001000000000000000000000000000000000000000000000000000000000000000000000000000000000000000000000000000000000000000000000000000000000000
0000110010000100000000000000000000000000000000000000000000000010000000000000000111000000000000001000000000100000000000001000000000000010000000001000000000000000101000000000000000000000000000000000000000000001000100000000000000000000000000000000000000000
1101010110000110010110110001010000000010001000110100101010000001000001001001000100000000000100000000000101110000011000110000000000000010000010000110000000000000001000000000001000010000000001000000000000001000000000100000000000000000000100000000000000001
0000000000000000000000000000000000000000000000000000000000000000000000000000000000000000000000000000000000000000000000000000000000000000000000000000000000000000000000000000000000000000000000000000000000000000000000000000000000000000000000000000000000000
0000010000000000100000010000000000000000001001000000000000000000000001000000000000000000000000000000000000000000000000000000000000000000000010000000000000100000000000000000000000000000000010000000000000000000000000000000000000000000000000000000000000000
0000000000000000000000000000000000000000000000000000000000000000000000000000000000000000000000000000000000000000000000000000000000000000000000000000000000000000000000000000000000000000000000000000000000000000000000000000000000000000000000000000000000000
0000000000000000000000000000010000000000000000010000001000000000000000000000000000000000010000000000000000100000000000000000000000000000000000000000000000000000000000000000000000010000000000000000000000000000000000000000000000000000000000000000000000000
0000000000000000000010000000000000000000000000000000000000000000000000000000000000000000000000000000000000100000000000000000000000000000000000000000000000000000000000000000000000000000000000000000000000000000000000000000000000000000000000000000000000000
0000000000000000000000000000000000000000000000000000000000000000000000000000000000000000000000000000000000000000000000000000000000000000000000000000000000000000000000000000000000000000000000000000000000000000000000000000000000000000000000000000000000000
0000000000000000000000000000000000000001000000000000000000000000000000000000000000000000000000000000000000000000000000000000000000000000000000000000000000000000000000000000000000000000000000000000000000000000000000000000000000000000000000000000000000000
0000000000000000000000000000000000000000000000000000000000000000000000000000000000000000000000000000000000000000000000000000000000000000000000000000000000000000000000000000000000000000000000000000000000000000000000000000000000000000000000000000000000000
0000000000000000000000000000000000000000000000000000000000000000000000000000000000000000000000000000000000000000000000000000000000000000000000000000000000000000000000000000000000010000000000000000000000000000000000000000000000000000000000000000000000000
1000000000000100000000000000000000000110000000000000000000000000000000000000000000000000000000001000000000000000000000000000000000000000000000000000000000000000000000000000000000000000000000000000000000000000000000000000000000000000000000000000000000000
0000000010000000000000000000000000000000000000000000000110000000000000000000000000000000000000000000000000010000000000000000000000000000000000000000000000000000000000000000000000000000000000000000000000000000000000000000000000000000000000000000000000000
0000000000000000000000000000000000000000000000000000000000000000000000000000000000000000000000000000000000000000000000000000000000000000000000000000000000000000000000000000000000000000000000000000000000000000000000000000000000000000000000000000000000000
0000000000000000000000000000000000000000000000000000000000000000000000000000000000000000000000000000000000000000000000000000000000000000000000000000000000000000000000000000000000000000000000000000000000000000000000000000000000000000000000000000000000000
1100010110000000100001000000000000000000100000000001100010000000000000000100000101100000000101000000000001100000000000011000000000000000000000000001000000000000001000100000000000000000000010000000000000100011000000000000000010000000000000000000000000001
0000000000000000000000000000000000000000000000000000000000000000000000000000000000000000000000000000000000000000000000000000000000000000000000000000000000000000000000000000000000000000000000000000000000000000000000000000000000000000000000000000000000000
0000000000000000000000000000000000000000000000000000000000000000000000000000000000000000000000000000000000000000000000000000000000000000000000000000000000000000000000000000000000000000000000000000000000000000000000000000000000000000000000000000000000000
0100000000000100000000000000000000000000000000000000000000000000000000000000000000000000000000000000010001000000000000000000000000000000000000000000000000000000000000000000000000000000000000000000000000000000000000000000000000000000000000000000000000000
1000000000000000000010000000000000000000000001000000000000000000000000000000000100000000000000000000000100000000000000000000000000000000000000000000000000001000000000000000000000000000000000000000000000000000000000000000000000000000000000000000000000000
0010000000000000000000000000000000000000000000000000000000000000000000000000000000000000000000000000000000000000000000000000000000000000000000000000000000000000000000000000000000000000000000000000000000100000000000000000000000000000000000000000000000000
1110010110010000110000010000000010101000101000000100000000000111000000000000000010010000010100000000000101110000000000001010000000000000000000000001000010000001100000000001000000000000000010000000000000000100000001000000000000000000000100000100000001001
0100000000000000000000000000000000000000000000000000000000001000000000000000000000000000000000000000000100000000000000000000000000000000000000000001000000000000000000000000000000000000000000000100000000000000000000000000010000000000000000000000000000000
0000010000000000000000100001000000000000000000000000000000000000000000000000000000000000000000000000000000000000000000000000000000000000000000000000000000000000000000000000000000000000000000000000000000000000000000000000000000000000000000000000000000000
1000000100000000010000010000000000000000000000000100000000001010000000000000000100000000000000000000000000000000000000000000000000000000000000000000000100000000000000000000000000000000000000100000000000000000000000000000000000000000000000000000000000000
0100010010000000000000000000001000000100100001000000000000001010000001000000000010000000000000000000000000100000000100010000000000000000000000000001000000000000100100000000000000000000000000000100000000000000001000000000010000000000000010000000000000000
0000000000000000000000000000000000000000000000010000000000000000000000000000000000000000000000000000000000000000000000001000000000000000000000000000000000000000000000000000000000000000000000000000000000000000000000000000000000000000000000000000000000000
1000010000000100000000100000000000000000000000000100100000000000000000000000000000000000000000000000000100000000000000001000000000000000000000000000000000000000000000000000000000000010000000000000000000000000000000000000000000000000000000000000000000000
1100010000000100110010010000010000101101101001000100101010001011000000001000000110010101010000001000000100100000000000000000000000000010000011001000000000101011101000000001000000000000001000100110000000000000000000000000010001000000000000000000000001001
0000000000000000100000000000000000000000000000000000000000000000000000000000000000000000000000000000000000000000000000000000000000000000000000000000000000000000000000000000000000000000000000000000000000000010000000000000000000000000000000000000000000000
1001000000000100010000000000000000000000110000000100000010000000000000000000000100000000000000000000010000000000000000000000000000000000000000000000000000000000000000000000000000000000001000100000000000000001000010000000000000000000000000000000000000001
1000010000000000110000000000000000000000000000000100000000000000000001000000000000010000000000000000000000000000000000000000000000000000000000000000000000000000000000000000000000000000000000000000000000000000000000000000000000000000000000000000000000001
1000000100000000010000000000000000000000000000000000000000001010000000000000000000000000000000000000000000100000000000000000000000000000000000010000000000000000000000000000000000000000010000000000000000000000000000000000000000000000000000000000000000000
0000010000010000000000000000000000000000000000000100100000000000000000000000000000000000000000000000000100000000000000000000000000000000000010000000000000000000000000000000000000000000000000000000000000000000000000000000000000000000000000000000000000001
0000000000000000000000000000000000000000000000000000000000000000000000000000000000000000000000000000000000000000000000000000000000000000000000000000000000000000000000000000000000000000000000000000000000000000000000000000000000000000000000000000000000000
1100010000000000010010000000000000100000000000000100100000110010000000000000000000000000000000000001000100000000000000000010000000000000000000000001000000000000000000000000000000000000000000000100000000000010000000000000000000000000000000000000000000001
0000000000001000000000010000000000000000000000000000000000001000000000000100000000000000000000000000000000000000000000000000000000000000000000000000000000000000000000000000000000000000000000000000000000000000000000000000000000000000000000000000000000000
1100000000000000000010010001000000000000101001000100000000000000000000000000000100000001010000000000100100100000000000000000000000000000001000000001000000000000000000000000001000000000001000000100000010010011000000000000110000000000000000000000000000000
0000000000000000000000000000000000000000000000000000000000000000000000000000000000000000000000000000000000000000000000000000000000000000000000000000000000000000000000000000000000000000000000000000000000000000000000000000000000000000000000000000000000000
0000010100000100000000000000000000000000000010000100100000001100000000000000000000010100000000000000000000000000000000000000000000000000000000000001000000000000000000001000000001000000000000000000000000000000000000000000000000000000000000000000000000001
0100000000000100010010000000000011000000000000000000001010100000000000000000000100000000000000001001000000100110000000000000000000000000000010000001000000000000000000000000000000000000000000000100000000000100000000000000010000000000000000000000000000001
1100110110000000010000010000010000000100100000101100011000010010000000000001000010000000000000000000000100100000000001010000000000000000000010001001000000000000000000000000000000000000000000000000000000000000000100000000000000000000000000000000000000001
0000000000000000000000000000000000000000000000000000000000000000000000000000000000000000000000000000000000000000000000000000000000000000000000000000000000000000000000000000000000000000000000000000000000000000000000000000000000000000000000000000000000000
1000010000000000100000000000000000000000000000000000100010000000000000000100000100000000000101000000000000100000000000011000000000000010000000000001000000000000000000100000000000000000000010000000000000100000000000000000000010000000000000000000000000001
0000000000000000000000000000001000000000000000000000000000000000000000000000000000000000000000000000000000000000000000000000000000000000000000001000000000000000000000000000000000000000000000000000000000000000000000000000000000000000000000000000000000000
0000000000000100000000000000000000000101000000000000000000010000000000000000000000000000000000001000000100000000000000000000000000000000000000000000000000000000000000000000000000000000000000000000000000010000000000000000000000000000000000000000000000000
0000000000000000000000000000000000000000000000000000000000000000000000000000000000000000000000000000000000000000000000000000000000000000000000000000000000000000000000000000000000000000000000000000000000000000000000000000000000000000000000000000000000000
0000010000000000000000000000000000000000000000000000000000000000000000000000000100000000000000000000000000100000000000000000000000000010000000000000000000000000001000000000000000000000000000000000000000000000000000000000000000000000000000000000000000001
0000010000000000000000000000000000000000000000010000000000000000000000000000000000000000000000000000000100000000000000000000000000000000000000000000000000000000000000000000000000000000000000000000000000000000010000000000000000000000000000000000000000000
0000000000000100000000000000000000000000100000000000000000000000000000000000000000100000000000000000000100000000000000000000000000000000000000000000000000000010000000000000000000000000000000000000000000000000000000000000000000000000000000000000000000000
0000000000000000000000100001000000000000000000000000000000000000000000000000000000000000000000000000000000000000000000000000000000000000000000000000000000000000000000000000000000000000000000000000000000000000000000000000000000000000000000000000000000000
0000000000000000000000000000000000000000010000000000000000000000000000000000000000000000000000000000000000000000000000000000000000000000000000000000000000000000000000000000000000000000000000000000000000000000000000000000000000000000000000000000000000000
0000010000000000000000000000000000000000000000000000001000000000000000000000000100010000010000000000000000000000000000000000000000000000000010000001000000000000000000000000000000000000000000000000000000100000000000000000000001000000000000000000000001000
0000000000000000000000000000000000000000000000100000100000001000001000000000000000000000000000000000000000000000000000000000000000000000000000000000000000000000000000000000000000000000000000000000000000000000000000000000000000000000000000000000000000000
0000000000000000000000000000000000000000000000000000000000000000000000000000000000000000000000000000000000000000000000000000000000000000000000000000000000000000000000000000000000000000000000000000000000000000000000000000000000000000000000000000000000000
1000000000000000000000000000000000000000001000000100000000000000000000000000000000000000000000000000000000000000000000001000000000000000000000000000000000001000000000000000000000000000000010000000000010000000000000000000000000000000000000000000000000000
0000000000000000000000000000000000000000000000000000000000000000000000000000000000000000000000000000000000000000000000000000000000000000000000000000000000000000000000000000000000000000000000000000000000000000000000000000000000000000000000000000000000000
0100000000000000000010000000000100000000000000000100000000000000000000000000000000000000000000000000000000000000000000000000000000000000000000000000000000000000000000000000000000000000000000000000000000000000000000000000000000000000000000000000000000000
0000000000000100000000000000000000000000000010000000000000000000000000000000000000000000000000000000000000100000000000000000000000000000000000000000000000000010000000000000000000000000000000000000000000000001000000000000000000000000000000000000000000000
0000000000000000000000000000000000000100000000000000000000000000000000000000100000000000000000000000000000000000000000000000000000000000000000000000000000000000000000000000000000000000000000000000000000000000000000000000000000000000000000000000000000000
1000011100000000110000000001011000000001101000100100001010000000000001000000000000000000000000000000000100100000000000001000100001000000000000000000000000000000000000000000000000000000000000000000000000000000000000000000000000000000000000000000000000001
0000000000000000000000000000000000000000000000000000000000000000000000000000000000000000000000000000000000000000000000000000000000000000000000000000000000000000000000000000000000000000000000000000000000000000000000000000000000000000000000000000000000000
1000000000000000000000000000000100000000000000100000000000000000000000000000000000000100000000000000000000000000000000000000000000000000000000000000000000000000000000000000000000000000000000000000000000000000000000000000001000000000000000000000000000000
0000000000000000000000000000000000000000000000000000000000000000000000000000000000000000000000000000000000000000000000000000000000000000000000000010000000000000000000000000000000000000000000000000000000000000000000000000000000000000000000000000000000000
0000000000000000000000000000000000000000000000000000000000000000000000000000000000000000100000000000000000000000000000000000000000000000000000000000000000000000000000000000000000000000000000000000000000000000000000000000000000000000000000000000000000000
0000010000000000010010000000000000000000000001000101110000000000000000000000000000000000000000000000000100000000000000000000000000000000000000000000000000000000000000000000000000000000000000000000000001100000000000000000000000000000000000000000000000001
0000000000000000010000000000000000000000000000000000000000100010000000000000000000000000000000000000000000100000000000000000000000000000000000000000000100000000000000000000000000000000000000000000000000000000000000000000000000000000000000000000000000000
0000000000000100000010010000010000000000000000000000000000000001000000000000000100000000000000000000000000100000000000000000000000000000000000000001010000001000000000000000000000000000000000000000000010000000000010000000000000000000000000000000000000000
0000000000000000000000000000000000000100000000000000000000000000000000000000000000000000000000000000000001000000000000000000000000000000000000000000000000000000000000000000000000000000000000000000000000000000000000000000000000000000000000000000000000001
0000010000000000101000010001010000000000101000000100110000000100000000000101000100001000000101000000000000100000000000000010000000000010000010000000000000000000001000000000001000000000000000000000000000000000000000000000000000000000000000000000000000000
0100000100000000000000000000000000000000000000000100000000000000000000000000000000000000000000000000000000000000000000001000000000000000000000000000000000000000000000000000000000000000000000000000000000000000000000000000000000000000000000000000000000000
0100000000000100000000000000000000000000000000000100010000000000000000000000000100000000000000000000000000000000000000000000000000000000000000010001010000000000000000000000000000000000000000000100000000000000000000000000010000000000000000000000000000000
0000010000000000000000000000000000000100000000000100000000001000000000000000000100000000000000000000000000000000000000000000000000000000000000000000000000000000000000000000000000000000000000000000000000000000001000000000000000000000000000000000000000000
0000000000000000000000000000000000000000000000000000000000000000000000000000000000000000000000000000000000000000000000000000000000000000000000000000000000000000000000000000000000000000000000000000000000000000000000000000000000000000000000000000000000000
0100010000000100110010000000010000100101100001000100100010001011000000001000000100000101000000001000000100000000000000000000000000000000000001001001000000101001000000000000000000000000000000100010000000000000000000000000010000000000000000000000000000001
0100010000000000000000000000000000000000001000000000000000000000000000000000000000000000000000000000000000000000000000000000000000000000000000000001000000000000000000000000000000000000000000000100000000000000000000000000000000000000000000000000000000001
0000000000000000000000000000000000000000000000000000100000000000000000000000000000000000000000000000000000000000000000000000000000000000000000000000000000000000000000000000000000000000000000000000000000000000000000000000000000000000000000000000000000000
0000000000000000000000000000000000000000000000000000100000000000000000000001000000000000100000000000000000000000000000000000000000000000000000000000000000000000000000000000000000000000000000000000000000000000000000000000000000000000000000000000000000000
0000000000000000000000000000000000000000000000000100001000000000000000000000000000000000000000000000000000000100000000000000000000000000000000000000000000000000000000000000000000000000000000000000000000000000000000000000000000000000000000000000000000000
0000000000000000000000000000000000000000000000000000000000000000000000000000000000000000000000000000000000000000000000000000000000000000000000000000000000000000000000000000000000000000000000000000000000000000000000000000000000000000000000000000000000000
0000010100000000010000000000110000000000000000110000100000000000000000000000000001010000000000000000000000000000000000000000000000000000000000000000000000000000000000000000000000000000000000000000000000100000000000000000000000000000000000000000000000001
0000000000000000000010000000000000000000001000000100000000000000000000000000000100000000000000000000100000100000000000000000000000000000000000000000000000001000000000000000001000000000001000000000000000000000000000000000000000000000000000000000000000000
0000010000000000000000000000000000000000000001000000000000000000000000000000000000000000000000000000000100000000000000000000000000000000000000000000000000000000000000000000000000000000100000000000000000000000000000000000000000000000000000000000000000001
0110010000000100010000000001010001000000000001010100100010010000000000000001000100000000000000000000110000100000000000000000000000000010000100000000000000000000001000000001000000000000100000000000000100000000000010000000000001000000000000000000000000001
1000110000000000000000000000000000000000000000000100000000000000000000000000000000000000000000000000000100000000000000000000000000000000000000000000000000001000000010000000000000000000000000000000000000000000000000000000000000000000000000000000000000000
0000000000000000000000000000000000000000000000000000000000000000000000000001000000000000000000000000000000000000000000001000000000000000000000000000000000000000000000000000000000000000000000000000000000000000000000000000000000000000000000000000000000000
0000000000000000000000000000000000000000000000000000000000000000000000000000000000000000000000000000000000000000000000000000000000000000000010000000000000000001000000000000000000000000000000000000000000000000000000000000000000000000000000000000000000000
1000010000000000100000000000000000001000000000000000000000000000000000000000000000000000000000000000000100010000000000000000000000000010000000000000100000101000000000000000000000000000000000000000000000000000000000000000000000000000000000000001000000001
1100100100000100010000010000000000000000000000000000000010000000000000000000000100000000000000000000000100000000000000010000000000000010000000000000010000001000000000000000000001000000000000000000000000000000000100000000100000000000000000000000000000000
0000000000000000000000000000000000000000000000000000000000000000000000000000010000000000000000000000000000000000000000000000000000000000000000000000000000000000000000000000000000000000000000000000000000000000000000000000000000000000000000000000000000000
1100010000000000010000100000000000000000000000000100000010000000000000000000000100010000000000000000000100000000000000000000000000000000000000000000000000000000000000010000000000000000000000000000000000000000000000000000000000000000000000000000000000000
0000010000000000010000011000000000000010000000000000100000001000000000000000000100000000000000000000000100000000000100000000000000000000000000001000000000000000000000000000000000000000000000010000000000000000000000000000000000000000000000000000000000000
0000100000000000000000000000000000000000000000000000000000000010000000000000000011000000000000000000000000000000000000010000000000000000000000000000000000000000100000000000000000000000000000000000000000000001000000000000000000000000000000000000000000000
0000100000000100000000000000000000000000000000000000000000000000000000000000000000000000000000000000000100100000000000000000000000000000000000000000010000000000000000000000000000000000001000000000000000100000000000000000000000000000000000000000000000000
0000110000010000010000000000000000000000000000100000000000000000000000000000000000000000000000000000000000000000000000000000000000000000000010000000000000000000000000000000000000000000000000000000000000000000000000000000000000000000000000000000000000000
0000100000000000110010000000000000000100000000000000100000000000000000000000000000000000000000000000000101000000000000001000000000000000000000000000000000000000000000000000000000000000000000000000000000000000000000000000000000000000000000000000000000000
0000000000000000000000000000000000000000000000000000000000000000000000000000000000000000010000000000000000000000000000000000000000000000000000000000000000000000000000000000000000000000000000000000000000000000000000000000000000000000000000000000000000000
0000000000000000000000000000000000000000000000000000000000000000000000000000000000000000000000000000000000000000000000000000000000000000000000000000000000000000000000000000000000000000000000000000000000000000000000000000000000000000000000000000000000000
0000000000000000000000000000000000000000000000000000000000000000000000000000000000000000000000000000000000000000000000000000000000000000000000000000000000000000000000000000000000000000000000000000000000000000000000000000000000000000000000000000000000000
0000000000000000000000000000000000000000000000000000000000000000000000000000000000000000000000000000000000000000000000000000000000000000000000000000000000000000000000000000000000000000000000000000000000000000000000000000000000000000000000000000000000000
0000000000000000000000000000000000000000000000000000000000000000000000000000000000000000000000000000000000000000000000000000000000000000000000000000000000000000000000000000000000000000000000000000000000000000000000000000000000000000000000000000000000000
0000000000000000000000010000000000000000101000000000000000000000000000000000000000000000010000000000000100000000000000000000000000000000000000000000000000001000000000000000000000000000000000000000000000000001000000000000000000000000000000000000000000000
0100000000000000000010000000000000000000000001000100000010000010000000001000000100000001000000000000000100000000000000000000000000000000000001001001000000001001000000000000000000000000000000100100000000000000000000000000000000000000000000000000000000000
1000000000000000000000000000000100000000000000000000000000000000000000000000000000000000000000000000000000000000000000000000000000000000000000000000000000000000000000000000000000000100000000000000000000000000000000000000000000000000000000000000000000000
0000000000000000000000000000000000000000000000000000000000000000000000000000000000000000000000000000000000000000000000000000000000000000000000000000000000000000000000000000000000000000000000000000000000000000000000000000000000000000000000000000000000000
0000000000000000000000000000000000000000000001010100000000001000000000000000000100000000000000000000000000001000000000000000000000000010000000000000000000000000001000000000000000000000000000000000000000000000000000000000000000000000000000000000000000001
0000000000000000000000000000000000000000000000000000000000000000000000000000000100000000000000000000000000000000000000000000000000000000000000000001000000000000000000000001000000000000000000000000000000100000000000000000000000000000000000000000000000000
0000000000000000000000000000000000000000000000000000000000000000000000000000000000000000000000000000000000000000000000000000000000000000000000000000000000000000000000000000000000000000000000000000000000000000000000000000000000000000000000000000000000000
0000000110000000000000100000000000000000000000000100000000000000001000000000000000000000000000000000000000010000000000000000000000000000000000000000000000000000000000000000000000000000000000000000000000000000000000000000000000000000000000000000000000000
0000000000000000000000000000000000000000000000000000000000000000000000000000000000000000000000000000000000000000000000000000000000000000000000000000000000000000000000000000000000000000000000000000000000000000000000000000000000000000000000000000000000000
0000000000000000000010000001000000000000000000000100000000000000000000000000000000000000000000000000000000000000000000000000000000000000000000000000000000000000000000000000000000000000000000000000000000000000000000000000000000000000000000000000000000000
0000000000000000000000000000000000000000000000000000000000000000000000000000000000000000000000000000000000000000000000000000000000000000000000000000000000000000000000000000000000000000000000000000000000000000000000000000000000000000000000000000000000000
0000000000000000000000000000000000000000000000000000000000000000000000000000000000000000000000000000000000000000000000000000000000000000000000000000000000000000000000000000000000000000000000000000000000000000000000000000000000000000000000000000000000000
0000000000000000000000000000000000000000000000000000000000000000000000000000000000000000000000000000000000000000000000000000000000000000000000000000000000000000000000000000000000000000000000000000000000000000000000000000000000000000000000000000000000000
0000000000000000000000000000000000000000000000000000000000000000000000000000000000000000000000000000000000000000000000000000000000000000000000000000000000000000000000000000000000000000000000000000000000000000000000000000000000000000000000000000000000000
0000000000000000000000000000000000000000000000000000000000000000000000000000000000000000000000000000000000000000000000000000000000000000000000000000000000000000000000000000000000000000000000000000000000000000000000000000000000000000000000000000000000000
0000000000000000000000000000000000000000000000000000000000000000000000000000000000000000000000000000000000010000000000001000000000000000000010000000000000000000000000000000000000000000000000000000000000000000000000000000000000000000000000000000000000000
0000000000000000000000000000000000000000000000000100000000000000000001000000000000000000000000000000000000010000000000000000000000000000000000001000000000000000000000000000000000000000000000000000000000000000000000000000000000000000000000000000000000000
0000000000000000000000000000000000000000000000000000000000000000000000000000000000000000000000000000000000000000000000000000000000000000000000000000000000000000000000000000000000000000000000000000000000000000000000000000000000000000000000000000000000000
0000000000000000000000000000000000000000000000000000000000000000000000000000000000000000000000000000000000000000000000000000000000000000000000000000000000000000000000000000000000000000000000000000000000000000000000000000000000000000000000000000000000000
0000000000000000010010000000000000000000000000000000101000000000000000000000000000000000000000000000000000000000000000000000000000000000000000000000000000000000000000000000000000000000000000000000000000000000000000000000000000000000000000000000000000000
0000000000000000000000000000000000000000000001000000000000000000000000000000000001000000000000000000000000100100000000000000000000000000000000000000000000000000000000000000000000000000000000000000000000000000000000000000000000000000000000000000000000000
0100000000000000010000000000000000000000000000000000000000000000000000000000000000010000000000000000000100100000000000000000000000000000000010000000000000000000000000000000000000000000000000000000000000000000000000000000000000000000000000000000000000001
0000000000000000000000000000000000000000000000000000000000000000000000000000000000000000000000000000000000000000000000000000000000000000000000000000000000000000000000000000000000000000000000000000000000000000000000000000000000000000000000000000000000000
0000000000000000000000000000000000000000000000000000000000000000000000000000000000000000000000000000000000010000000000000000000000000000000000000000000000000000000000000000000000000000000000000000000000000010000000000000000000000000000000000000000000000
0000000000000000000000000000000000000000000000000000000000000000000000000000000000000000000000000000000000000000000000000000000000000000000000000000000000000000000000000000000000000000000000000000000000000000000000000000000000000000000000000000000000000
0000000000000000000000000000000000000000000000000000000000000000000000000000000000000000000000000000000000000000000000000000000000000000000000000000000000000000000000000000000000000000000000000000000000000000000000000000000000000000000000000000000000000
0000000000000000000000000000000000000000000000000000000000000000000000000000000000000000000000000000000000000000000000000000000000000000000000000000000000000000000000000000000000000000000000000000000000000000000000000000000000000000000000000000000000000
0000000000000000000000000000000000000000000000000000000000000000000000000000000000000000000000000000000000000000000000000000000000000000000000000000000000000000000000000000000000000000000000000000000000000000000000000000000000000000000000000000000000000
0000000000000000000000000000000000000000000000000000000000000000000000000000000000000000000000000000000000000000000000000000000000000000000000000000000000000000000000000000000000000000000000000000000000000000000000000000000000000000000000000000000000000
0000000000000000000000000000000000000000000000000000000000000000000000000000000000010000000000000000000000000000000000000000000000000000000010000001000000000000000000000001000000000000000000000000000000000000000000000000000000000000000000000000000000000
0000000000000000000000000000000000000000000000000000000000000000000000000000000000000000000000000000000000000000000000000000000000000000000000000000000000000000000000000000000000000000000000000000000000000000000000000000000000000000000000000000000000000
0000000000000000000000000000000000000000000000000000000000000000000000000000000000000000000000000000000000000000000000000000000000000000000000000000000000000000000000000000000000000000000000000000000000000000000000000000000000000000000000000000000000000
1101011110000100110010100001110000001110101111000100000000101010000001001001010110010100010000001000000101100100000000001000000000000010000010000001011010100011101000100000000000010000100100000110000101100010000000000000000010000000000000000100000000000
