0100110110110100110010110011010100101111111001011100111010011010001000000100011110010101110101000000010101110100100000101001000000100010001010010011011100101000101000000000001000010100000010000000000000110011011000000000001000000000000000000000000000001
1000010110000100110110100001010001101101101011100100100010101011000000001001000110011101011001001000110101100000011000001000000000000010010011001001000100111001100000000000010010000000000001100110000000100001010000000000010000000000000000000100000000001
0000010000000000100000000000000000001000000000000000000000010000000000000000000001000000000000000000000000000000000000000000000000000000000110000000000000000000000000000000000000000000000000000000000000100000000000000000000000000000000000000000000000000
0000000000000100010000100000000000000000100000000000000010000000000000000000000000000000001000000000000000000000000000001000000000000000000000000000010000000000000000000000000000000000000000000000000000000000000000000000000000000000000000000000000000001
1000010000000000110010000000010000100100000000000100100000100011000000000000010111000000010000000000000101000000000000010000000000000010000000000000000000000000101000000000000000000000000000000000000000010001000111100000000000000000000000000000000000000
1110101110000100110110110001111010101111101111110100101110011011001001000100011111010001110111101000100101111101000001011001000000000010000010101011001110100010101000110001010000010100100010010110000101110011011001000000010000000000000000000000000000001
0000010000000000000000000000000000000000000000000000000000000000000000000000000000000000000000000000000000100000000000000000000000000000000000000000000000000000000000000000000000010000000000000000000000000000000000000000000000000000000000000000000000001
1100010000000100110000110000101000100000000010100100100000001010001000000000000110010000010000100000000001110000000000001000000000000010000010010001000100010010100000000000000000010000000001000100000100000001000000000000010000010000000000000000000000001
1100010000001100000100110000000100001100111000010001101010001110001000001100000010000000100100001000000100110000100000111000000000010010000010001000000000000010100000000000000000000001000000000000000000000000000000000000000000010000000000000000000000001
0000000000000000000000000000000000000000000000000000000000000000000000000000000000000000000000000000000000000000000000000000000000000000000000000000000000000000000000000000000000000000000000000000000000000000000000000000000000000000000000000000000000000
1000000000000000000000000010000000000000000000000000000000000000000000000000000000000000000000000000000000000000000000000000000000000000000000000000000000000000000000000000000000000000000000000000000000000000000000000000000000000000000000000000000000000
1000000000000000000000000000000000000001000000000000000000000000000000000000000000000000000000000000000000000000000000000000000000000000000010000000000010000000000000000000000000000000000000000000000000000000000001000000000000000000000000000000000000000
0000000010000000000000010000000000001000000000000000100000001000000000000000000000000000000000000000000000110000000000000000000000000000000000000000000000010000000000000000000000000000000000000000000000000000000010000000000000000000000000000000000000000
1101010110000000010010100001000000000000111010000100101110111100000000000001001100010101100000001000010101110100011000111101000000100000010000000011010000001011000010001000000001000000001010100100000000100001000010000000000000000000000000000000000000001
0000000000000000000000000000000000000000100000000000100000000000000000000000000000000000000000000000000000000000000000001000000000000000000000000000000000000000000000000000000000000000000000000000000000000000000000000000000000000000000000000000000000000
0000000000000000000000000000000000000000000000000000000000000000000000000000000000000000000000000000000000000000000000000000000000000000000000000000000000000000000000000000000000000000000000000000000000000000000000000000000000000000000000000000000000000
1110110100000000010010000000010000000100100000000100100010011010000000000000000101010000000101100000000001101000000000001000000000000010000010000001101100000000001000000000000000010000000010000100000000000010000000100000000000000000000000000000000000001
1101110100000100100010111001001000101100101000100100111010101010000001000001000110010001001101001000000101100001011000001000000000000000000010010001011100100001100000000000000000010100111000000100000100100001011001100000000000000000000000010100000000001
0000000000000000000000000000000000000000000000000100000000000000000000000000000000000000000000000000000000000000000000000000000000000000000000000000000000000000000000000000000000000000000010000000000000000000000000000000000000000000000000000000000000000
0100010010000000000000000000000000000000000000000001000000001000000000000001000000000000000000000000000000000000000000001000000000000000000000000000000000000000000000000000000000000000000000000000000000000000000000000000000000000000000000000000000000000
1100110000000100110000110001010100100100101011110100111110101010000000001000010110000001001000001000100101100000011000001100010000100000001000000001000000101001100000000000000010000000101000000100000010100000000000100000010000000100000000010000000000001
0000000000000000000000000000000000000000000000000000000000000000000000000000000000000000000000000000000001000000000000000000000000000010000000000000000000000000000000000000000000000000000000000000000000000000000000000000000000000000000000000000000000000
1101010110000100010010000001000000001100101000000100101010000000000000000000000100000000101000000000000101011000000000001000000000000000000000100011000000000000000000000100000000000000001000000100000000000000010000000000000000010000000000000000000000001
1000010110001000010010001101010000001100001000100101111000001011000000000100000110000000000000000000000100110000000000001010000000000000000010010001000010011000100000000000000000000000001010000000000000001001001000000000100000000000000000000000000000000
0000000000000000010000010000000000000000000000000000000000001000000000000000000000000000000000000000000000000000000000000000000000000000000000000000000000000000000000000000000000000000000000000000000000000000001000000000000000000000000000000000000000000
0000000000000000000000010000000000001100000000000000000000000000000000000000000000000000000000000000000000000000000000000000000000000000000000000000000000000000000000000000000000000000000000000000000000000000000000000000000000000000000000000000000000000
1000000000100000000000000000000000000000000000000000000000000000000000000000000000000000000000000000000000000000000000000000000000000000000000000000000000000000000000000000000000000000000000000000000000000000000000000000000000000000000000000000000000000
1100010000000100010010110000100000000000001000000100100000000010001001000000001110010000000010001000000000100000000000001100000000000000000000100000000000001000100000000100010000010000000010000000000000100001000000000000000000000100000000000000000000001
0000010100000000000000000001000000000000000000000000000000000010001000000000000010010000000010000000000000000000000000000000000000000000000000000000000000000000100000000000000000000000000000000000000100000000000000000000000000000000000000000000000000001
1100110000000000100010010000000000101100100000010100111010110011000000000000010010000000010000000000000000100000000000001000100000000000000000000001000000000000100000000000000000010000001010000100000100100000000000000000000000000000000000000000000000001
0000010100000000010000000000000000000100000010000000100000000000000000000000000000000100000000000000000100101000000000000000000000000000000000001000000000000000000100000000000000010000000000000000000000000000000000000000000000000000000000000000000000000
1000000010000000000010000000000000000000000000010000000000000000000000000100000000000000100000100000000000100000100000000000000000000000000000000000000000000010000000000000000010000100000010000000000000000000000000000000001000000000000000000000000000000
0000010000000000000000000000000000000000000000010000000000000000000000000000010001000000000000000000000000000110000000000000000000000000000010000000000000000001000000000000000000000000000000000000000000000000000000000000000000000000000000000000000000000
0100000000000000000000000000000000010001000000100100000000000000000000000000000100000000000000000000000100010000000000000000000000100000000010000001000000000001000000000000000000000000000100000100000000100000000000000000000000000000000000000000000000000
1100110100000000010010000000010000001100100000000100100000000000001000000000010100010000000000000000000001000001000000001000000000100000000010000001000000100000000000000000000000000000100000000100000100000000000000000000000000000000000000000000000000000
0000000000000000000000000000000001000000000000000000000000000000000000000000000000000000000000000000000000000000000000000000000000000000000000000000000000000000000000000000000000000000000000000000000000000000000000000000000000000000000000000000000000000
1110010010001000010000110100010000100100101000010100101010100001000000000100000100000000000000000000000101000000000000000000000000000000000010000001100000000000000000000000000000000000000000000100000000000010000000000000000000000000000000000000000000001
1100110010000000110010110100011000101010100000000100100000000010000000000001100010000000010000000000000101001000000000000000000000100000000000001001000000000000100010000000000000100000000100010100000000000000000000100000000000000000000000000000000000001
1000010000000000000000000000000000000100000000000000100000000000000000000000000000000000000000000000000101000000000000001000000000100000000000000000000000000000000000000000000000000000000000000000000000000000001000000000000000000000000000000000000000001
1100010000010000000000000000000001000000100000100000000100000000000000000000000000000000000000100000000101000001000000000000000100000000000000000001000000000000000010000000000000010000000000000100000000000000000000000000000000000000000000000000000000000
1101010010000110110010100000010000101101001001110101110100001110000000000000000011111001010000001000000100100001000001001000000000100010000110001001010000001000100000001000000000010000110010010100000000000000000000000000100000000000000000000000000000001
1000000010000100000000000000000000000000000000000000000000000000000000000000000000000000000000000000000000000000000000000000000000000000000000000000010000000000000000000010000000000000000000000000000000000000000000000000000000000000000000000000000000000
1100010010000100010010110001000000001000100010010101100000000101001000000000001100000000100100111000000101100000000000001110000000000000000010000001000000001000000000000000001000010001000010000010000010100000000010000000100000000000000000000000000000001
0000010000000000000000000000000000000000000000000100000100000000000000000000000001000000000000000000000000010000000000000000000000000000000000000000000000000000000000000000000000000000000000000000000000000000000000000000000000000000000000000000000000001
0100010100000100000010000000001000000000001000010100100000000000000000000000000000000000000000000000000001000000000000000000000000000000000000000001000000001010000000000000000001000000000000000100000010000000000000000000010000000000000000000000000000001
1100010000000000000010000000000000000000100000010000100000010010000001000000001101000001000000000000100101100100000000000010000000000000001100001001000000001000000000000000000000010000100000000100000001100000000000000000010010000000000000001000000000001
0100010100000000010010010000000001000001100000000100101000101010001000001000000011010101010000000000000001000000000000001000000000000000000010000001000000000000100000000000100000010100000000000100000100001001000001000000000000000000000000000000000000000
1000010010000000000010000000010110001000101011000100100000100010000000000000000011000000100000110000000101100000100000001000100000000000000000000100001000001000100000010000000000010000000010000000000110100000000010000000000010000000000000000000000000001
1000000000000000000000000000000000000000000000000000000000000010000000000000000010000000000000000000000000000000000000000000000000000000000000000000000000000000100000000000000000000000000000000000000000000000000000000000000000000000000000000000000000000
1100110100000100111010110001010001101100101110110011111110101011001001000000010111010000110100101000000101111100000001001110000000000010000010010111011010111010101000000000011010010001100011110100010010110001010010000010010010010100000010000000000000001
0000000000000000000000000000000000000000000000000100000000000000000000000000000000000000000000000000000000000000000000000000000000000000000000000000000000000000000000000000000000000000000000000000000000000000000000000000000000000000000000000000000000000
0000000010000000000100010000000000000000101000000100100010000100000000000000000000000000010000000001000000000000000000000000000000000010000000000000000000000000000000000000000000000000100000000000000000000000000000000000000000000000000000000000000000000
1100110110001110110010110001011000101110101011110101011010001111001000000001000110010000101000100000000101010000011000001000000000100010000010000011000010101011101000000000100000000000101010000101100110100000001000100000000000000000000000010000000000001
1000000000000000010010010000010000000000100000000100100010001010001000000000000110000000010000000000000000000000000000000000000000000010000000000000000000000000100000000000000000000000100010100000000000000000000000000000000000000000000000000000000000000
1000010010000100010010110000010000001000000000100100100000101010000000000000000010000000110000001000000100100100000000001000100000000000000000000001100000000001100000000001000000010000000000000000010000001000000000000000000000000000000000010000000000000
0000010000000100000010000000000000000001100100000100000000000000000000000000000000000000000000001000000000010001000000001010000000010000000000000000000000100000000000000000000000000000000000000000000000000000000000000000000000000000000000000000000000000
1101010010000100110010100000010000001000000000000101110000001000000000000000000100000000011000000000000101000000000000001000000000010010000000000001010000000001001000000000000000010100001000000100000000100001010000000000010000000000000000000000000000000
0000000000000000000000000000000000000000000000000000000000000000000000000000000000000000000000000000000000000000000000000000000000000000000000000000000000000000000000000000000000000000000000000000000000000000000000000000000000000000000000000000000000000
0100100000000100010010000000010000001000000000110100001000001000000000000000010000000000000000101000000000100000000000000000000000000000000000000000000000101001000000000000000000000000010000000000000000000000000000000000000000000000000000000000000000001
1010010000000100100000000000010000000000000001000000000000001011000000000000000011000000000000001000010100000000000000000000000000000000000000000000000000100000100010000000000000000000000000000000000000100000000000000000000000000000000000000000000000000
1100010110001100110110011000000000000000100000100100111010110110000000000100000000000000000000000000000000100000000000001000000000000000000011011001001100010010000000000000100000000000000001010100000000000000001010000000000010000000000000000000000000001
0000000010000100000000000000000000000000101000000001100000001000000000000000000101000000100000100100000100100000000000000000000000100000000010000000000000000010000000000001000000000000000010000000001000100000000000000000000000000000000000000000000000000
1100110110000000110010010001110000000100100001111100111000011000001000000001010010010000010110000000000100100100000001010000000000000000000010011001000100101000100000000000000000000000010000000100000000000000001100000000110000000000000000000000000000001
0100110000000000000000010000010000001000001000000100100000010000000000000000010000000000000101000000000001100000000000001000000000000000000010000001000000000000000000000000000000000000001000000100000000000000000000000000000000000000000000000000000000000
0000000000000000000000000000000000000000000000000000000000000000000000000000000000000000000000000000000000000000000000000000000000000000000000000000000000000000000000000000000000000000000000000000000000000000000000000000000000000000000000000000000000000
0000000000000000000000000000000000000000000000000000000000000000000000000000000000000000000000000000000000000000000000000000000000000000000000000000000000000000000000000000000000000000000000000000000000000000000000000000000000000000000000000000000000000
1000010110000000000000000001100000100000001000100100110000000010000000000000010010010000000010000000100100010000000001000000000000000000000000000000000000000000100000000000100000000000000000000000000000000000000000000000000000010000000000000000000000001
0000000000000000000000000000000000000000000000000000000000000000000000000000000000000000000000000000000000000000000000000000000000000000000000000000000000000000000000000000000000000000000000000000000000000000000000000000000000000000000000000000000000000
0000000000000000000000000000000000000000000000000000000000000000000000000000000000000000000000000000000000000000000000000000000000000000000000000000000000000000000000000000000000000000000000000000000000000000000000000000000000000000000000000000000000000
0000010000000000010000000001000000000000000001000100000000000000000000000000001000000000000000000000000000000000000000001010000000000000000000001000001000000000000000000000000000010000000000000000000000000000000000000000000000000000000010000000000000001
0000000000000000000000000000000000000000000000000000000000000000000000000000000000000000000000000000000000000000000000000000000000000000000000000000000000000000000000000000000000000000000000000000000000000000000000000000000000000000000000000000000000000
0000000000000000000000000000000000000000000000000000000000000000000000000000000000000000000000000000000000000000000000000000000000000000000000000000000000000000000000000000000000000000000000000000000000000000000000000000000000000000000000000000000000000
0100000010000000000010000000000000000000000000100000000000000000000000000000000000000000000000000000000000000000000000001000000000000000000000000001000000000000000000000000000000000000000000000100000000000000000000000000010000000000000000000000000000001
1000010010000000000000010000000100001000000000000000000000001000000000000000000100001000000000000000000000100000000000000000000000000010000000000000000000010010001000000000000000000000000010000000000000000000000000000000000000000000000000000000000000000
0000000000000000000000000000000000000000000000000000000000000000000000000000000000000000000000000000000000000000000000000000000000000000000000000000000000000000000000000000000000000000000000000000000000000000000000000000000000000000000000000000000000000
0100000000000100010100000000000000000100000000000000100000000010000000000000000010000000000000001000000000000000000000001000000000000000000000000000000000000000100000000000000000000000000010000000100000101000000000000000000000000000000000000000000000001
0000000000000000000000000000000000000100000000000000000000000000000000000000000000000000000000000000000001000000000000000000000000000000000000000000000000000000000000000000000000100000000000000000000000000000000000000000000000000000000000000000000000000
1000110000000000000010000000010010100000000000000100000000100011001000000000000011000000000000000000000000000000000000000000000000100000000000001000000000000000100000000000000000000000100000000000000000000000100000000000000000000000000000000000000000001
1000010000000100000000000001000000000000001001000000000000000000000001000000000100000000000000000000000000000000000000000000000000000000000000000000000000000000000000000000000000000000000010000000000000000000000000000000000000000000000000000000000000000
1100110100000100110010110001000001101000001001000100110010000100000000000100001000000100000101001000100101100000000000011110000000000010001010010001010000001001001000100001000000000000001010110100000010100001011000000000010011000000000000000000000000001
1100110110000000010010010001110000000100100000111100111000010010001000000001010000010000110110000000000100100000000001010000000000000000000010001001000000001000100000000000000000000000000000000100000000000000000100000000100000000000000000000000000000001
0010110000000000100000000000000010000000100101110100000000010100000000000000010000100000010000000000000000100100000001010000000000000010000000000000000000000000000000000000000000000000000000000000000100000001000100000000000000000000000000001000000000000
0000000000000000000000000000000000000000100000000000000000000000000000000000000001000000000000000000000000000000000000000000000000000010000000000000000000000000000000001000000000000000000000000000000000000000000000000000000000000000000000000000000000000
1100010100000100110000000001100000100000100000100100100000000010001000000000000010000001000110001000000101100000000000000000000000000000000010000001001000000010100000000001000000000000000000000000000100000000010000000000000000000000000000000100000001001
0100000000000000000000000000000000000000100000000000000000000000000000000100000000000000000000000000000000000100000000000000000000000000000000000001000000000000000000000000000000000000000010000100000000000000000000000000000000000000000000000000000000000
1100000000000100000000000000001000000000000000100000000000000000000000000000000100000000000000000000000000000000000000000000000000000000000000000001000000000010000000000000000000000100000000000100000000000000100000000000000000000000000000000000000000001
0000000000000000000000000000000000000000000000000000000000000000000000000000000000000000000000000000000000000000000000000000000000000000000000000000000000000000000000000000000000000000000000000000000000000000000000000000000000000000000000000000000000000
1100010000000100010010000000000000000000100001100000000000000000000000000000000000010000000000001000000000000000000000000000000000000000000000000001000000001000000000000000000000000000000000000100000000000000000000000000010000000000000000000000000000001
1000010010000100000000100000000100000000001000010100101000000100000000000000000010000000000000000000000100100000100000000000000000000010000000000000000000000000000000000000000000000001000000000000100000000000000000000010000000000000000000000000000000000
1100110100000000000000000000010000000100100000100101011010000010000000000000000011000000000100000000000100100000000000000000100000000000000010000001000000001000100000000001000000000000000000000000000000000000000000010000100000000000000000000000000000001
0101000000000000010010100000000000000000000000000000100010000000000000000000000000000000000000000000000001000000011000000000000000000000001000000001000000000000000000000000000000000000000000000100000000000000000000100000000000000000000000000000000000000
1000010010000000110000000000000000000000001000000100000000000011000000000000000110010000010001000000000100100001000000001000000000000010000010000000000000001000101000000000000000000000000010000000000000000001000000000000100000000000000000000000000000000
0000010000000000000000000001100000000000000000000000000000000010001000000000000010010000000000000000100000000000000000000000000000000000000000000000000000000000100000000000000000000000000000000000000000000000000000000000000000000000000000000000000000001
1100010000000000110000000000000000000000000000000000000000000001000000000000000100000000000100000000000000000000000000000000000000000010000000000000000000000000001000000000000000000000000010000000000000000000000000000000000000000000000000000000000000000
0000010100000000100000000000000100000001001000010100100000100100000000000000000000000000000000010000100100000000100000000000000000000000000000000000000000001000000000000000000000000000000000000000000000000000000000000000000000000000000000000000000000000
0000000000000000000000000000000000000000001000010000000000000000000000000000000000000000000000100000000000000000000000000000000000000000000000000000000000000000000000000000000000000000000000000000000000000000000000000000000000000000000000000000000000000
0100010010000100010010000001000000000000101000000100001100110000000000000001000100010001000000000000010001100100000000011100000000100000000000000001000000001001000010000000000000000000000000000100000000000000000000000000000000000000000000000000000000001
0000000000000000000000000000000000000000000000000000000000000100000000000000000000000000000000000000000000000000000000000000000000000000000000000000000000000000000000000000000000000000000000000000000000000000000000000000000000000000000000000000000000000
0000000000000000000000000000000000000000000000000000000000000000000000000000000000000000000000000000000000000000000000000000000000000000000000000000000000000000000000000000000000000000000000000000000000000000000000000000000000000000000000000000000000000
0000000000000000000000000000000000000000000000000001000000000000000000000000000000000000000000000000000000000000000000000000000000000000000000000000000000100001000000000000000000000000000000000000000000000000000000000000000000000000000000000000000000000
0100010000000000000010000000000000000000000001000000000000000000001000000000000100000000000010100000000001100000000000000000000000000000000000000001000000001000000000000000000000000000000000000100000010100000000000000000000000000000000000000000000000000
1100000000000100000000000000000000000000000000000000000000010000000000000000000000000000000000001000000000000000000000000000000000000000010000000000010000000000000000000000000000000000000000000000000000100000001000000000000000000000000000000000000000000
0000000000000000000000000000000000000000000000000000000000000000000000000000000000000000000000000000000000000000000000000000000000000000000000000000000000000000000000000000000000000000000000000000000000000000000000000000000000000000000000000000000000000
1100110010000100010010110000001001001111101001010100101010010110001000000000000110010000110100100000000001110000000000001000000000000000001011000011000010101000100010011000000000010000100010000100000001010011011010100000110000000000000000000100000000001
0000000000000000000000000000000000000000000000000000000000000000000000000000000000000000000000000000000000000000000000000000000000000000000000000000000000000000000000000000000000000000000000000000000000000000000000000000000000000000000000000000000000000
1100110100000100110011100000000000101111001011110100100010000001000000000000100100010000001000001000100100000000000000001000000000000010010010000000000000000001000000000000000000000000000100000000000100000000000000100000000000000000000000000000000000001
1100011110001100110010010001011100000000101001010100001000101111000000000100000111010000110100001000100100000100100000011000110000000010000010001001000100001011101000100000000001010001011010000000000010100000000010000000000000000000000000001100000000001
1000010110001100000000110000000001000000000100000100100100000000001000000000000000000000000000000000000100000000000000001011000000010000000010000000000000000000000000000000000000000000000000000000000000000010000000000000000000010000000110000001000000001
0000010000000000100000100000001000000100000000000100000000000000000000000000000000000000000000000000000000000000000000000000000000000000000000000000000000000000000000000000000000000000000000000000000000000000000000000000000010000000000000000000000000000
1000010000000100000000000000000010000000000001000100001000000010000000000000000001001000000000001000000000100010000000000000000000000000000000000000000000000001000000000000000000000000000000000000010000000000000000000000000000000000000000001000000000001
0000000000000000000000000000000010000000000000000000000000000000000000000000000000000000000000000000000000000100000000000000000000000000000000000000000000000001000000000000000000000000000000000000000000000000000000000000000000000000000000000000000000000
0000010000000000010000000000000000100001100000000000000100000000000000000000000000000000000100000000000000000000000000000000000000000000000000000000000000000000000000000000000000000000000000000000000000000000000000000000000000000000000000000000000000000
1000000010000000000000000000000100000000000000010000000000000000000000000000000000000000100000100000000000100000000000000000000000000000000000000000000000000000000000000000000000000000000010000000000000000000000000000000000000000000000000000000000000000
0100000000000100010010000000000000000000000000000000100000000000000000000000000000000000001000000000000000000000001000001000000000000000000000000001000000000000000000000000000000000000000000000100000000000000000000000000000000000000000000000000000000000
0100000000000100010010000000000000000000000000000000100000000000000000000000000000000000001000000000000000000000010000001000000000000000000000000001000000000000000000000000000000000000000000000100000000000000000000000000000000000000000000000000000000000
0000000000000000000000000000000000000000000000000000000000000000000000000000000000000000000000000000000000000000000000000000000000000000000000001000000000000000000000000000000000000000000000000000000000000000001000000000000000000000000000000000000000000
0000000000000000000000000000000000000000000000000000000000000000000000000000000000000000000000000000000000000000000000000000000000000000000000000000000000000000000000000000000000000000000000000000000000000000000000000000000000000000000000000000000000000
0000010000000000000000000000000000000000100000000100000000000010001000000000000011000000000000000000000000000000000000000000000000000000000000000000000000000000100000000000000000000000000000000000000000000000000000000000000000000000000000000000000000000
1000000010000100000000000000000000000000000000000000000000000000000000000000000000000000000000000000000000000000000000001000000000000000000000000000000000000000000000000000000000000000000000000000000000000000000000000000000000000000000000000000000000000
0000110010000100000000000000000000000000000000000000000000000010000000000000000111000000000000001000000000100000000000001000000000000010000000001000000000000000101000000000000000000000000000000000000000000001000100000000000000000000000000000000000000000
1101010110000110110110110001010000100010101000110100101110001001000001001001000100000000000100001000000101110000011000110000000000000010000010000111000000000000001000000000001000010000000001000100000000001000000010100000000000000000000100000000000000001
0000000000000100000010000001000000000000001000000100000000000000000000000000000100000000000000001000000000000000000000000000000000000000000000000000000000001000000000000000000000000000000000000000000000100000000000000000000000000000000000000000000000000
0000000000000000000000010000000000000000001001000100000100000000000001000000000100000000000000000000000000010000000000000000000000010000000010010000000000100000000000000000000000000000000010100000000000000000000000000000000000000000000000000000000000000
1000010000000100000000000000000000000000000000000000000000000000000000000000000000000000000000000000000000010000000000000000000000000000000000000000000000000000000000000000000000000000000000000000000000000000000000000000000000000000000000000000000000001
0000000000000000000000000000010000000000000000010000001000000000000000000000000000000000010000000000000000100000000000000000000000000000000000000000000000000000000000000000000000010000000000000000000000000000000000000000000000000000000000000000000000000
0000000000000000000010000000000000000000000000000000000000000000000000000000000000000000000000000000000000100000000000000000000000000000000000000000000000000000000000000000000000000000000000000000000000000000000000000000000000000000000000000000000000000
0000000000000000000000000000000000000000000000000000000000000000000000000000000000000000000000000000000000000000000000000000000000000000000000000000000000000000000000000000000000000000000000000000000000000000000000000000000000000000000000000000000000000
0000000000000000000000000000000000000001000000000000000000000000000000000000000000000000000000000000000000000000000000000000000000000000000000000000000000000000000000000000000000000000000000000000000000000000000000000000000000000000000000000000000000000
0000000000000000000000000000000000000000000000000000000000000000000000000000000000000000000000000000000000000000000000000000000000000000000000000000000000000000000000000000000000000000000000000000000000000000000000000000000000000000000000000000000000000
0000000000000000000000000000000000000000000000000000000000000000000000000000000000000000000000000000000000000000000000000000000000000000000000000000000000000000000000000000000000010000000000000000000000000000000000000000000000000000000000000000000000000
1000000000000100000010000000000001100110100000000000100000000100000000000000010000000000000000001000000000000000000000000000000000000000000000000000000000000000000000000000000000000000100100000000000000000000000000000000000000000000000000000000000000000
0000000010000000000000000000000000000000000000000000000110000000000000000000000000000000000000000000000000010000000000000010000000000000000000000000000000000000000000000000000000000000000000000000000000000000000000000000000000000000000000000000000000000
0000000000000000000000000000000000000000000000000000000000000000000000000000000000000000000000000000000000000000000000000000000000000000000000000000000000000000000000000000000000000100000000000000000000000000000000000000000000000000000000000000000000000
0000000000000000000000000000000000000000000000000000000000000000000000000000000000000000000000000000000000000000000000000000000000000000000000000000000000000000000000000000000000000000000000000000000000000000000000000000000000000000000000000000000000000
1100110110000000100001000000000000000000100000000101110010000000000000000100000101100000100101000000000001100000000000011000000000000000000000000001000000000000001000100000000000000000001010000000000000100011000000000000000010000000000000000000000000001
0000000000000000000000000000000000000000000000000000000000000000000000000000000000000000000000000000000000000000000000000000000000000000000000000000000000000000000000000000000000000000000000000000000000000000000000000000000000000000000000000000000000000
0000000000000000000000000000000000000000000000000000000000000000000000000000000000000000000000000000000000000000000000000000000000000000000000000000000000000000000000000000000000000000000000000000000000000000000000000000000000000000000000000000000000000
0100000000000100000000000000000000000000000000000000000000000000000000000000000000000000000000000000010001000000000000000000000000000000000000000000000000000000000000000000000000000000000000000000000000000000000000000000000000000000000000000000000000000
1000000000000000000010000000000000000000000001000000000000000000000000000000000100000000001000000000000100000000000000000000000000000000000000000000000000001000000000000000000000000000000000000000000000000000000000000000000000000000000000000000000000000
0010000000000000000000000000000000000000100001000000000000000000000000000000000000000000000000000000000000000000000000000000000000000000000000000000000000000000000000000000000000010000000000000000000000100000000000000000000000000000000000000000000000000
1110010110010000110000010000000011101000101000100100100000001111000000000000000110010000010100000000000101110000000000001010000000000000000000000001000010000001100000000001000000000000000010000000000000000100000001000000000000000000000100000100000001001
0100000000000000000000000000000000000000000000000000000000001000000000000000000000000000000000000000000100000000000000000000000000000000000000000001000000000000000000000000000000000000000000000100000000000000000000000000010000000000000000000000000000000
0000010000000000000000100001000000000000000000000000000000000000000000000000000000000000000000000000000000000000000000000000000000000000000000000000000000000000000000000000000000000000000000000000000000000000000000000000000000000000000000000000000000000
1000000100000000010000010000000000000000000000000100000000001010000000000000000100000000000000000000000000000000000000000010000000000000000000000000000100000000000000000000000000000000000000100000000000000000001000000000000000000000000000000000000000000
0100010010000000000000000000001000000100100001000000000000001010000001000000010010000000000000000000000000100000000100010000000000000000000000000001000000000000100100000000000000000000000000000100000000000000001000000000010000000000000010000000000000000
0000000000000000000000000000000000000000000000010100000000000000000000000000000000000000000000000000000000000000000000001000000000000000000000000000001000000000000000000000000000000000000000000000000000000000000000000000000000000000000000000000000000000
1000010000000100000000100000000000000000000000000100100000000000000000000000000000000000000000000000000100000000000000001000000000000000000000000000000000000000000000000000000000000010000000000000000000000000000000000000000000000000000000000000000000000
1100010100000100110010110000010001101101101011100100101010001011000000001000000110011101011000001000100100100000011000001000000000000010000011001000000010101011101000000001000000000000001000100110000000000000000000000000010001000000000000000000000001001
0000000000000000100000000000000000001000000000000000001000000000000000000000000000000000000000000000000000000000000000000000000000000000000000000000000000000000000000000000000000000000000000000000000000000010000000000000000000000000000000000000000000000
1001000000000100010000000000000000000000110000000100000010000000000000000000000100000000000000000000010000000000000000000000000000000000000000000000000000000000000000000000000000000000001000100000000000000001000010000000000000000000000000000000000000001
1000010000000000110000000000000000000000000000010100000000001000000001000000000000010000000000000000000000000000000000000000000000000000000000000100000000000000000000000000000000000000000000000000000000000000000010000000000000000000000000000000000000001
1100010100000000110000000000000000000000000000000000000000001010000000000000000000000000000000000000000000100000000000000000000000000000000000010000000000000000000000000000000000000000010000000000000000000000001000000000000000000000000000000000000000000
0000010000010000000000010000000000000000000000000100100000000000000000000000000000000000000000000000000100000000000000000000000000000000000010000001000000000000000000000000000000000000000000000000000000000000000000000000000000000000000000000000000000001
0000000000000000000000000000000000000000000000000000000000000000000000000000000000000000000000000000000000000000000000000000000000000000000000000000000000000000000000000000000000000000000000000000000000000000000000000000000000000000000000000000000000000
1100010000000000010010000000000000100000000000000100100100110010000000000000000000000000000000000001000100000000000000000010000000000000000000000001000000000000000000000000000000000000000000000100000000000010000000000000000000000000000000000000000000001
0100000100001000000000010000000000000000000000000100000000001000000000000100000000000000000000000000000000000000000000000000000000000000000000000000000000000000000000000000000000000000000001000000000000000000000000000000000000000000000000000000000000000
1100000000000100000010010001000000000000101011010100100000100010000000000000000110000001010100101000100100100000000000000100000000000000001000000001000000000000100000000000001000000000001010000100000010110011000000000000110000000000000000000000000000000
0000000000000000000000000000000000000000000000000000000000000000000000000000000000000000000000000000000000000000000000000000000000000000000000000000000000000000000000000000000000000000000000000000000000000000000000000000000000000000000000000000000000000
0000010110000100000000000000000100000000000010000100100000001100000000000100000000010100000000000000000000100000000000000000000000000000000000000001000000000000000000001000000001000000000000000000000000000000000000000000000000000000000000000000000000001
0100000000000100010010000000000011000000000000000000101010100000000000000000000100000000000000001001000001100110000000000000000000000000000010000001000000000000000000000000000000000000000000000100000000100100000000100000010000000000000000000000000000001
1100110110000000010010010001110000000100100000111100111000010010001000000001010010010000010110000000000100100000000001010000000000000000000010001001000000001000000000000000000000000000000000000100000000000000000100000000100000000000000000000000000000001
0000000000000000000000000000000000000000000000000000000000000000000000000000000000000000000000000000000000000000000000000000000000000000000000000000000000000000000000000000000000000000000000000000000000000000000000000000000000000000000000000000000000000
1000110000000000100000000000000000000000000000000100100010000000000000000100000100000000000101000000000000100000000000011000000000000010000000000001000000000000000000100000000000000000000010000000000000100000000000000000000010000000000000000000000000001
0000000000000000000000000000001000000000000000000000000000000000000000000000000000000000000000000000000000000000000000000000000000000000000000001000000000000000000000000000000000000000000000000000000000000000000000000000000000000000000000000000000000000
0000000000000100000000000000000000000101000000000000000000010000000000000000000000000000000000001000000100000000000000000000000000000000000000000000000000000000000000000000000000000000000000000000000000010000000000000000000000000000000000000000000000000
0000000000000000000000000000000000000000000000000000000000000000000000000000000000000000000000000000000000000000000000000000000000000000000000000000000000000000000000000000000000000000000000000000000000000000000000000000000000000000000000000000000000000
0000010000000000000000000000000000000000000000000000000000000000000000000000000100000000000000000000000000100000000000000000000000000010000000000000000000000000001000000000000000000000000000000000000000000000000000000000000000000000000000000000000000001
0000010000000000000000000000000000000000000000010000000000000000000000000000000000000000000000000000000100000000000000000000000000000000000000000000000000000000000000000000000000000000000000000000000000000000010000000000000000000000000000000000000000000
0000000000000100000000000000000000000000100000000000000000000000000000000000000000100000000000000000000100000000000000000000000000000000000000000000000000000010000000000000000000000000000000000000000000000000000000000000000000000000000000000000000000000
0000000000000000000000100001000000000000000000000000000000000000000000000000000000000000000000000000000000000000000000000000000000000000000000000000000000000000000000000000000000000000000000000000000000000000000000000000000000000000000000000000000000000
0000000000000000000000000000000000000000010000000000000000000000000000000000000000000000000000000000000000000000000000000000000000000000000000000000000000000000000000000000000000000000000000000000000000000000000000000000000000000000000000000000000000000
0000010000000000000000000000000000000000000000000000001000000100000000000000000100010000010000000000000000000000000000000000000000000000000010000001000000000000000000000000000000000000000000000000000000100000000000000000000001000000000000000000000001000
0000000000000000000000000000000000000000000000100000100000001000001000000000000000000000000000000000000000000000000000000000000000000000000000000000000000000000000000000000000000000000000000000000000000000000000000000000000000000000000000000000000000000
0100010000000000000000000001000000000000000000000100000000000000000000000000000000000000000000000000000000000000000000000000000000000000000000000000000000000000000000000000000000000000000000000000000000000000000000000000000000000000000000000000000000000
1000000000000000000000000000000000000000001000000100000000000000000000000000000000000000000000000000000000000000000000001000000000000000000000000000000000001000000000000000000000000000000010000000000010000000000000000000000000000000000000000000000000000
0000000000000000000000000000000000000000000000000000000000000000000000000000000000000000000000000000000000000000000000000000000000000000000000000000000000000000000000000000000000000000000000000000000000000000000000000000000000000000000000000000000000000
0100000000000000000010000000000100000000000000000100000000000000000000000000000000000000000000000000000000000000000000000000000000000000000000000000000000000000000000000000000000000000000000000000000000000000000000000000000000000000000000000000000000000
0000000000000100000000000000000000000000000010000000000000000000000000000000000000000000000000000000000000100000000000000000000000000000000000000000000000000010000000000000000000000000000000000000000000000001001000000000000000000000000000000000000000000
0000000000000000000000000000000000000100000000000000000000000000000000000000100000000000000000000000000000000000000000000000000000000000000000000000000000000000000000000000000000000000000000000000000000000000000000000000000000000000000000000000000000000
1000011100000000110000000001011000000001101001110100001010000000000001000000000000000000000000000000000100100000000000001000100001000000000100000000000000000000000000000000000000000000000010000000000000000000000010000000000000000000000000000000000000001
0000000000000000000000000000000000000000000000000000000000000000000000000000000000000000000000000000000000000000000000000000000000000000000000000000000000000000000000000000000000000000000000000000000000000000000000000000000000000000000000000000000000000
1000010000000000010000000000000100000000000000100000000010000000000000000000000000000100000000000000000000000000000000000000000000001000000000000000000000000000000000000000000000000000000000000000000000000000000000000000001000000000000000000000000000000
0000000000000000000000000000000000000000000000000000000000000000000000000000000000000000000000000000000000000000000000000000000000000000000000000010000000000000000000000000000000000000000000000000000000000000000000000000000000000000000000000000000000000
0000000010000000000000000000000000000000001000000100000000000000000000000000000000000000100000000000000000100000000000000000000000000000000000000000000000000000000000000000000000000000000000000000000000000000000000000010000000000000000000000000000000000
0000010000000000010010000000000000100000100001000101110000000000000000000000010000000000000000000000000100000000000000000000000000100000000000000000000000000000000000000000000000000000000000000000000001100000000000000000000000000000000000000000000000001
0000000000000000010000000000000000000000100000000000000000100010000000000000000000000000000000000000000000100000000000000000000000000000000000000000000100000000000000000000000000000000000000000000000000000000000000000000000000000000000000000000000000000
0000000000000100010010110000010000000000000000000000100010000001000000000000000100000000000000000000000000100000000000000000000000000010000000000001010000001000000000000000000000000000000000000000000010000000000010000000000000000000000000000000000000000
0000000000000000000000000000000001000100000000000000000000000000000000000000000000000000000000000000000001000000000000000000000000100000000000000000000000000000000000000000000000000000000000000000000000000000000000000000000000000000000000000000000000001
1000010000000100101000010001010100000000101000010100110000000100000000000101001100001000000101000000000100100000100000000010000000000010000010000000000000001000001000000000001000010000000000000000001000000000000010000000100000000000000000000000000000000
0100000100000000000000000000000000000000000000000100000000001000000000000000000000000000000000000000000000000000000000001000000000000000000000000000000000010000000000000000000000000000000000000000000000000000000000000000000000000000000000000000000000000
0100000000000100000000000000000000000000000000000100010000000000000000000000000100000000000000000000000000000000000000000010000000000000000000010001010000000000000000000000000000000000000000000100000000000000000000000000010000000000000000000000000000000
0000010000000000000000000000000000000100100000000100000000001000000000000000000100000000000000000000000000000000000000000000000000000000000000000000000000000000000000000000000000000000000000000000000000000000001000000000000000000000000000000000000000000
0000000000000000000000000000000000000000000000000000000000000000000000000000000000000000000000000000000000000000000000000000000000000000000000000000000000000000000000000000000000000000000000000000000000000000000000000000000000000000000000000000000000000
0100010100000100110010100000010001101101100011100100100010001011000000001000000110001101001000001000100100000000011000001000000000000000000001001001000000101001100000000000000000000000000000100010000000000000000000000000010000000000000000000000000000001
0100010000000000000000000000000000000000001000000000000000000000000000000000000000000000000000000000000000000000000000000000000000000000000000000001000000000000000000000000000000000000000000000100000000000000000000000000000000000000000000000000000000001
0000000000000000000000000000000000000000000000000000100000000000000000000000000000000000000000000000000000000000000000000000000000000000000000000000000000000000000000000000000000000000000000000000000000000000000000000000000000000000000000000000000000000
0000000000000000000000000000000000000000000000000000100000000000000000000001000000000000100000000000000000000000000000000000000000000000000000000000000000000000000000000000000000000000000000000000000000000000000000000000000000000000000000000000000000000
0000000000000000000000000000000000000000000000000100001000000000000000000000000000000000000000000000000000000100000000000000000000000000000000000000000000000000000000000000000000000000000000000000000000000000000000000000000000000000000000000000000000000
0000000000000000000000000000000000000000000000000000000000000100000000000000000000000000000000000000000000000000000000000000000000000000000000000000000000000000000000000000000000000000000010000000000000000000000000000000000000000000000000000000000000000
0000010100000000010000000000110000100000000000110000100000000000000000000000000001010000000000000000000001000000000000000000000000000000000000000000000000000000000000000000000000000000000000000000000000100000000000000000000000000000000000000000000000001
0000000000000000000010000000000000000000001010010100100000000000000000000000000100000000000000000000100000100000000000000000000000000000000000000000000000001000000000000000001000000000001000000000000000000000000000000000000000000000000000000000000000000
0000010000000000000000000000000000000000000001000000000000000000000000000000000000000000000000000000000100000000000000000000000000000000000000000000000000000000000000000000000000000000100000000000000000000000000000000000000000000000000000000000000000001
1110010000000100010010000001010001000000001001010100100010010100000000000001000100000000000000000000110000100000000000000100000000000010000100000000000000001001001000000001000000000000100000000000000100000000000010000000000001000000000000000000000000001
1000110000000000000000000000000000000000000000000100000000000000000000000000000000000000000000000000000100000000000000000000000000000000000000000000000000001000000010000000000000000000000000000000000000000000000000000000000000000000000000000000000000000
0000000000000000000000010000000000000000000000100000001000000000000000000001000000000000000000000000000000000000000000001000000000000000000000000000000000000000000000000000000000000000000000000000000000000000000000000000000000000000000000000000000000000
0000000000000000000000000000000000000000000000000000000000000000000000000000000000000000000000000000000000000000000000000000000000000000000010000000000000000001000000000000000000000000000000000000000000000000000000000000000000000000000000000000000000000
1000010000000000100000000000000000001000000000000000000000000000000000000000000000000000000000000000000100010000000000000000000000000010000000000000100000101000000000000000000000000000000000000000000000000000000000000000000000000000000000000001000000001
1100110100000100010000010001000000000000000000100100000010000000000000000000000101000000000100000000000100000000000000010000000000000010000000000000010000001000000000000000000001000000000000000000000000000000000100000000100000000000000000000000000000000
0000000000000000000000000000000000000000000000000000000000000000000000000000010000000100000000000000000000000000000000000000000000000000000000000000000000000000000000000000000000000000000000000000000000000000000000000000000000000000000000000000000000000
1100010000000000010000100000000000000000000000000100000010000000000000000000000100010000000000000000000100000000000000000000000000000000000000000000000000000000000000010000000000000000000000000000000000000000000000000000000000000000000000000000000000000
1000010000000000010000011000000000000010000000000000100000001010000000000000000100000000000000000000010100000000000100000000000000000000000000011000000100000000000000000000000001000000000000010000000000000000000000000000000000000000000000000000000000000
0000100000000000000000000000000000000000000000000000000000000010000000000000000011000000000000000000000000000000000000010000000000000000000000000000000000000000100000000000000000000000000000000000000000000001000000000000000000000000000000000000000000000
0000100000001100000000000000000000000000001000010100000000001000000000000000000000000000000000000000000100100000000000001000000000000000000000000000011000000000000000000000000000010000001010000000000000100000000000000000000000000000000000000000000000000
0000110000010000010000000000000000000000000000100000000000000000000000000000000000000000000000000000000000000000000000000000000000000000000010000000000000000000000000000000000000000000000000000000000000000000000000000000000000000000000000000000000000000
0000100000000000110010000000000000000100000000000000100000000000000000000000000000000000001000000000000101000000000000001000000000000000000000000000000000000001000000000000000000000000000000000000000000000000000000000000000000000000000000000000000000000
0000000000000000000000000000000000000000000000000000000000000000000000000000000000000000010000000000000000000000000000000000000000000000000000000000000000000000000000000000000000000000000000000000000000000000000000000000000000000000000000000000000000000
0000000000000000000000000000000000000000000000000000000000000000000000000000000000000000000000000000000000000000000000000000000000000000000000000000000000000000000000000000000000000000000000000000000000000000000000000000000000000000000000000000000000000
0000000000000000000000000000000000000000000000000000000000000000000000000000000000000000000000000000000000000000000000000000000000000000000000000000000000000000000000000000000000000000000000000000000000000000000000000000000000000000000000000000000000000
0000000000000000000000000000000000000000000000000100000000000000000000000000000000000000100000000000000000000000000000000000000000000000000000000000000000000000000000000000000000000001000000000000000000000000000000000000000000000000000000000000000000000
0000000000000000000000000000000000000000000000000000000000000000000000000000000000000000000000000000000000000000000000000000000000000000000000000000000000000000000000000000000000000000000000000000000000000000000000000000000000000000000000000000000000000
0000000000000000000000010000000000000000101000000000000000000010000000000000000010000000010100000000000100000000000000000000000000000000000000000000000000001000100000000000000000000000000010000000000000000001000000000000000000000000000000000000000000000
0100010100000000000010000000000000000000000011000100000010000010000000001000000100000001000000000000000100000000000000000000000000000000000001001001000000001001000000000000000000000000000000100100000000000000000000000000000000000000000000000000000000000
1000000000000000000000000000000100000000000000000000000000000000000000000000000000000000000000000000000000000000000000000000000000000000000000000000000000000000000000000000000000000100000000000000000000000000000000000000000000000000000000000000000000000
0000000000000000000000000000000000000000000000000000000000000000000000000000000000000000000000000000000000000000000000000000000000000000000000000000000000000000000000000000000000000000000000000000000000000000000000000000000000000000000000000000000000000
0000000000000000000000000000000000000000000001010100000000001000000000000000000100000000000000000000000000001000000000000000000000000010000000000000000000000000001000000000000000000000000000000000000000000000000000000000000000000000000000000000000000001
0000000000000000000000000000000000000000000000000000000000000000000000000000000100000000000000000000000000000000000000000000000000000000000000000001000000000000000000000001000000000000000000000000000000100000000000000000000000000000000000000000000000000
0000000000000000000000000000000000000000000000000000000000000000000000000000000000000000000000000000000000000000000000000000000000000000000000000000000000000000000000000000000000000000000000000000000000000000000000000000000000000000000000000000000000000
0000000110000000000000100000000000000000000000000100000000000000001000000000000000000000000000000000000000010000000000000000000000000000000000000000000000000000000000000000000000000000000000000000000000000000000000000000000000000000000000000000000000000
0000000000000000000000000000000000000000000000000000000000000000000000000000000000000000000000000000000000000000000000000000000000000000000000000000000000000000000000000000000000000000000000000000000000000000000000000000000000000000000000000000000000000
0000000000000000000010000001000000000000000000000100000000000000000000000000000000000000000000000000000000000000000000000000000000000000000000000000000000000000000000000000000000000000000000000000000000000000000000000000000000000000000000000000000000000
0000000000000000000000000000000000000000000000000000000000000000000000000000000000000000000000000000000000000000000000000000000000000000000000000000000000000000000000000000000000000000000000000000000000000000000000000000000000000000000000000000000000000
0000000000000000000000000000000000000000000000000000000000000000000000000000000000000000000000000000000000000000000000000000000000000000000000000000000000000000000000000000000000000000000000000000000000000000000000000000000000000000000000000000000000000
0000000000000000000000000000000000000000000000000000000000000000000000000000000000000000000000000000000000000000000000000000000000000000000000000000000000000000000000000000000000000000000000000000000000000000000000000000000000000000000000000000000000000
0000000000000000000000000000000000000000000000000000000000000000000000000000000000000000000000000000000000000000000000000000000000000000000000000000000000000000000000000000000000000000000000000000000000000000000000000000000000000000000000000000000000000
0000000000000000000000000000000000000000000000000000000000000000000000000000000000000000000000000000000000000000000000000000000000000000000000000000000000000000000000000000000000000000000000000000000000000000000000000000000000000000000000000000000000000
0000000000000000000000000000000000000000000000000000000000000000000000000000000000000000000000000000000000010000000000001000000000000000000010000000000000000000000000000000000000000000000000000000000000000000000000000000000000000000000000000000000000000
0000000000000000000000000000000000000000000000000100000000000000000001000000000000000000000000000000000000010000000000000000000000000000000000001000000000000000000000000000000000000000000000000000000000000000000000000000000000000000000000000000000000000
0000000000000000000000000000000000000000000000000000000000000000000000000000000000000000000000000000000000000000000000000000000000000000000000000000000000000000000000000000000000000000000000000000000000000000000000000000000000000000000000000000000000000
0000000000000000000000000000000000000000000000000000000000000000000000000000000000000000000000000000000000000000000000000000000000000000000000000000000000000000000000000000000000000000000000000000000000000000000000000000000000000000000000000000000000000
0000000000000000010010000000000000000000000000000000101000000000000000000000000000000000000000000000000000000000000000000000000000000000000000000000000000000000000000000000000000000000000000000000000000000000000000000000000000000000000000000000000000000
0000000000000000000000000000000000000000000001000000000000000000000000000000000001000000000000000000000000100100000000000000000000000000000000000000000000000000000000000000000000000000000000000000000000000000000000000000000000000000000000000000000000000
0100000000000000010000000000000000000000000000000000000000000000000000000000000000010000000000000000000100100000000000000000000000000000000010000000000000000000000000000000000000000000000000000000000000000000000000000000000000000000000000000000000000001
0000000000000000000000000000000000000000000000000000000000000000000000000000000000000000000000000000000000000000000000000000000000000000000000000000000000000000000000000000000000000000000000000000000000000000000000000000000000000000000000000000000000000
0000000000000000000000000000000000000000000000000000000000000000000000000000000000000000000000000000000000010000000000000000000000000000000000000000000000000000000000000000000000000000000000000000000000000010000000000000000000000000000000000000000000000
0000000000000000000000000000000000000000000000000000000000000000000000000000000000000000000000000000000000000000000000000000000000000000000000000000000000000000000000000000000000000000000000000000000000000000000000000000000000000000000000000000000000000
0000000000000000000000000000000000000000000000000000000000000000000000000000000000000000000000000000000000000000000000000000000000000000000000000000000000000000000000000000000000000000000000000000000000000000000000000000000000000000000000000000000000000
0000000000000000000000000000000000000000000000000000000000000000000000000000000000000000000000000000000000000000000000000000000000000000000000000000000000000000000000000000000000000000000000000000000000000000000000000000000000000000000000000000000000000
0000000000000000000000000000000000000000000000000000000000000000000000000000000000000000000000000000000000000000000000000000000000000000000000000000000000000000000000000000000000000000000000000000000000000000000000000000000000000000000000000000000000000
0000000000000000000000000000000000000000000000000000000000000000000000000000000000000000000000000000000000000000000000000000000000000000000000000000000000000000000000000000000000000000000000000000000000000000000000000000000000000000000000000000000000000
0000000000000000000000000000000000000000000000000000000000000000000000000000000000010000000000000000000000000000000000000000000000000000000010000001000000000000000000000001000000000000000000000000000000000000000000000000000000000000000000000000000000000
0000000000000000000000000000000000000000000000000000000000000000000000000000000000000000000000000000000000000000000000000000000000000000000000000000000000000000000000000000000000000000000000000000000000000000000000000000000000000000000000000000000000000
0000000000000000000000000000000000000000000000000000000000000000000000000000000000000000000000000000000000000000000000000000000000000000000000000000000000000000000000000000000000000000000000000000000000000000000000000000000000000000000000000000000000000
1101011110000100110010100001110000001110101111010100100000101010001001001001010110010101010010001000000101110100000000001001000000000010000010000001011010100011101000100000000000010000100100000110000101100010000000000000000010000000000000000100000000000
