0101110111111110110110110111010110101111111111111110111110111111001001000100011110110101111101100110110101111101111010101011100000100010001010010011011111111011101000100010001100010101001010000100000010111011011110000000001010011000000000000000000000001
1010110110000100110110110001011101111111101111110100111010101011001000001101010111011101011111101000110101101101111010011010001000100010010011001011001100111011100100100011010010011000100011100110000000101001010010000000110000000000001000000100000000001
0100010000000100100000000000001000001001000000000100000000010000000000000000000001000000000000100000000000101100000000000000000000000000000111100001110000000000000000000000000000000000000000000100010000100000000000000000010000000000000000000000000000000
1000000010000100010000100000000000000100100000000000000010000000000000000000000100000000001000000000000000010000000000001000000000000000000000000000010000000000000000000000000000000000000000000000000000000000000000000000000000000000000000000000000000001
1100010000000000110010000000010000100100100000010100110000101111000000000100010111000010010000100000000101000100000000011000100100000010000100000000000100100001101000001000000000000000000010010000010000110001001111100000000000000000000000000000000000001
1110101110010110110110110101111111101111101111110111101110111111001001100101011111111011111111101001110101111111111101011011101000100010010010111011011110110011101100110011110100011100100010110110000101110011111011000000010010011010010000100000000000001
0000010000000000000000000000000000000000000000000000000000000000000000000000000000000000000000000000000000100000000000000000000000000000000000000000000000000000000000000000000000010000000000000000000000000000000000000000000000000000000000000000000000001
1100010010000100110000110000101010110000101010110100100000001010001000000000001110010001111000100001000101111110000000011000000000000010000110010001000100110011100000000000000001010000000011000100000100100001001001000000010010010000000000000000000000001
1101010101011100110110110000000111111100111110011101101010011110111001001100010110100000110100101000110101111000100000111000000000011010000110001000000000101011100000000000000000010001000010000000000010101100000000000000000000010000000000000000000000001
1000000010000000000000000000000000000000000000001000000000000000000000000000000000000000000000100000000000000000000000000000000000000000000000000000000000100000000000000000000000000000000010000000000000100000000010000000000000000000000000000000000000000
1000000000000000000010000010000000000000000000000000000000000000000000000000000000000000000000000000000000000000000000000000000000000000000010000000000000000000000000000000000000000000000000000000000000000000000000000000000000000000000000000000000000000
1000010010000100000010100000000000000001001010000100000000011000000000000000000000100000000000000000000100100000000000000000100000001000000010000000000010000010000000000000001000000000000010000000000100100000000001000000000000000000000000000000000000000
1000000010000000000010010000000000001000001000000100100000011000000000000000000000000000000000000000000000110000000000001000000000000000000000000000001000011001000000000000000000000000000000000000000110001000000010000000000000000000000000000000000000000
1111010110010010110010100001001000011111111011100111101110111111001001000101011110010101111010101000010101111100011000111101000000100010010011101011010000101011100010111010100111010000011010100101000100100001010010000000000010010000000000000000000000001
1000010000000100000000000000000000000000100000000000100000000000000000000000000000000000000000000000010000000000000000001000000000000000000000000000000000000000000000000000000000000000000000000000000000000000000000000000000000000000000000000000000000000
0000000000000000000000000000000000000000000000000000000000000000000000000000000000000000000000000000000000000000000000000000000000000000000000000000000000000000000000000000000000000000000000000000000000000000000000000000000000000000000000000000000000000
1110110110000100010110000001110000100100100001000100100010011010000000000000011101010000010101100000100001111000000000001000000000100010000010000011101100000010001000100000000001010000000010000110000000110010010000100000010010010000000000000000000000001
1101110110000100100110111001001101101101101001110101111110101110001001000001010110011001011101101110000101111101111000011001100000101010000010010011011100100011101100100010000110010100111010000110010100110001011111100000000000010000001010010100000000001
0000000000000000000000000000000000000000000000000100000000000000000000000000000000000000001000000000000000000000000000000000000000000000000000000000000000000000000000000000000000000000000010000000000000000000000000000000000000000000000000000000000000000
1100010010000000110000000000001000000000000000000001100000001000000000000001000000000000010000000000000100100000000000011010000000000000000010000000000000000000000100100000000000000000000000000000000000000000000000000000000000000000000000000000000000001
1100110010111100110001110001011111101101101011110101111110111110110001001000010110101101111100101000110101110101011000001100010100101100001010000001001001101011100000100000000010010100101010010111010110111011000010100000010000000100001100010000000000001
0000000000000000000010000001000000000000000000000000000000000010000000001000000110000000011000000000000001000000000000000000000000000010000000000001000000000000100000000000000000010000000000000000000000000000000000000000000000000000000000000000000000000
1101010110010100010010000001000001101110101000000111101010000010000001000001010111000000101000100000000101111000011000011000100000001010000000100011000000100000101000000110000000000000001010000100000000000000011000000000000010010000000010000000000000001
1100010110001000010010001101011001001101111000100101111010001111000000000100000111010100011000100000000101110100000000001010000000000010010010010001000010111000101000000000100000000100001010000000011100101001011000000000100000000000011000001000000000001
0000000000000000010000010000010000000000000000000000000000001100000000000000000000000000000000000000000000000000000000000000000000000000000000000000000000000000000000000000000000000000000000000000000000000000001000000000000000000000000000000000000000000
1000010000000000000000010000000000001100000000000100000000000000000000000000000000000000000000000000000100000000000000000000000000000000000000000000000000000000000000000000000000000000000000000000000000100000000000000000000000000000000000000000000000001
1000000000100000000000000000000000000000000000000000000000000000000000000000000000000000000000000000000000000000000000000000000000000000000000000000000000000000000000000000000000000000000000000000000000100000000000000000000000000000000000000000000000000
1100010000000100110011110000110000100100101000100100100010100011001001100000011111010001010010101000000001100000000100001100001000010010000010100001000011101011100000000100010000010100000010000100000000100001001000000000001000001100010000100000000000001
0000010100000000100000000001000000000000100000000000000000000010001000000000000010010000000010000000000000000000000000000000000000000000000000000000000000000000100000000000000000000000000010000000000100100000000000000000000000000000000000000000000000001
1100110000000000100010011001000100101101101000010100111110111111100000000000010111000000010001100000010101100000100000001000100100100000000010001001000000101000100000000001000100010000001010010110000100100000000000000000000000001000000000000000000000001
0110010100000100010110010000000000000101001010100100100000100000001000000000000010000100000010100000000100101100000000001000000000000100000011001011010000001001000100010000000000010000000010000100010000100100000010000000000000000000000000000000000000001
1100010010000000010010000000010000000000010000010000111000000001001000000100010000000000110001101000000000100000100000001000000000001000000100100010000000100010000000000000000010000100000010000000000100000001000000000000001010000000000000000000000000001
1000010110000000000010000000000000000100000010110000000000000001000000000000011011000000001000100000000001100110000000000000100000000000000010000000000001000001000000000000000000000000000010000000000000000000000010000000000000000000000000000000000000001
0100010010000000010010110000000000010001000001100100100010001010000000000000000110000000010000100000000100010000000000001000000000100010000010000011000000010001100000000001000000000000000110000100100000100000000000000000010000000000000000000000000000000
1100110110000000110010100001010000001101101101100100100000001001001001100000011100010000001000000110000001110001000000001000000000100000000010100001000000101000000000000000100000001000100010010110000100000000000000000000000000000000000000000000000000001
0100000110000100000000000000000001000000001000010100001000000000000000000000000000000000000000000000000100100000000000000000000000000000000110000100000000000000000000000000000000000000000001000000000000000000000000000000000000000000000000000000000000000
1110010010001100010010110100010000100101111101010100101010100011000000000100000110000000000000000000100101110000000000000000010000000000010010000001110000000010000000000000000000011000000000000100000000000010000011000000000000000000000000000000000000001
1101110010000100110010110101011010101011100111000100101010000010000000000101100110000000110000101000000101111001000000001000000000100000000010001001001000000001110010000000000000110101000110010110000000100000001000100000000010010000000000000000000000001
1100010000000100000000100000000000000100100000000000100000000000000000000000000000000000000000100000000101000000000000001000000000100000000000000001000000000000000000000000000000000000000000000100000000000000001000000000000000000000000000000000000000001
1110010000010100010010010000011001101100110101100100110100001010001000000000000011010000010100100000000101100101000000001000000100000000000011000001010000010000100010000000000000011000000010010110000000001000000010000000010000000000001000001000000000001
1101110110000110110010110001110000101111001011110101111110001111001001000100000111111001010111001000010100110101011001001000000000110010000110001001010001001010101001001101100100010000110011010100010000000000011011010010110000000000000000000000000000001
1000000010000100000000010000000100001001000101010100100000000000000000000010000000000000000000100000100000111100100000000000000000000000010000000000010000000000000000000010000000011000000000000000010000000000000000000000000000010000000000000000000000000
1100010110011100010010110001011000111000100111010101111010101111001001000000001110010101111100111000110101100001000000001110000000010100000110100001001010101011100000010000001000010001100010100110000010101001001010000100100000000000000000000000000100001
1100010010000000000000000000000000101101011011010100100100001010000001000000000001000000011100100000000101010000000000001000000000000000000010000001000000000001000000000000000000001000000000010100100000000000000000000000000000000000000000000000000000001
1100010110010100000010000000001010000100101101110100100100001000000000000000000000000000100000100000000001100110000000000000000000001000000000000001000000001011000000000000000001000000000000000100000110100001000001000000010000000000000000000000000000001
1100010000000100110010000000000001101101111110010100100000110111000001000000011101000001110100101000100101100100000000001010000010000010001110001001000000001000000000010010000000011000100000010100000001100010000001000000010010000000000000001000000000001
1100010100000100010010010001001011100001100010000100101000101010001000001000000011010101111100101000000101100000000000001000000000000000000010000001001001110000100100000000100000010100100010000110000100101001001011000000000000000000001000001000000000001
1100110110000000010010000000010110011000111111000100111000101010001001000000000111000000111001110000000101110000100000001000100110001000000010100111001000101000100000010010000010010100000010100110100110100001000010000000000010010000000000000000000100001
1000000011000000000000000000000000000000000000000100000000000010000000000000000010000000000000100000000000000000000000000000000000000000000000000000000000000000100000000000000000000000000000000000000000000000000000000000000000000000000000000000000000000
1110110110011100111010110101011001111101111111111011111110111111111001001111010111010001111111111000100101111100000001011110000000010010010111110111011011111011101000010011011011011101100011110111110110111001011011000110110010010100010110000000000100001
1000010000000100000000100000000000000000000000000100000000000010000000000000000010000000000000100000000000100000000000000010000000000000000000000000000000000000100000000010000000000000000000000000000000000000000000000000000000000000000000000000000000000
0000010010000100010110110000000000000000101000000100100010100100000000000001000100000000010000000001000100100000000000000000000000000010000000000000000000100010000000000000000000010000100000000000000000000000000000000000000000000000000000000000000000000
1100110110001110110110110001011101101111111111110101011010001111001100000001001111010001111100101000010101110000011100001010100000101010010111000011000010111011101000110010100001010001111010111111100110101011001000100000100000000000001010010001000000001
1100100000000000010010010000010100000001101000010100100010101010001000000000000110100000010000010000000000101000100010010000000100000010000000000000000100100000100000100000000000010000100010100000000000000000000100000000000000000000000000000000000100001
1100010010000100010010110000010100011100101000110100100000101010001001000000000011000001110000101000000101110100000000001000100000000000001010001001100000000001100000000001000000010000010010000100010000101000111001000000010000010010000000010000000000001
1000010000000100010010000000010000000001100110000100000000001000000000000000000000010000000000001000000001110001000000001011100000110000000000000001000000100001000000000000000100010000000000000010000000000001001000000000000000000000000000000000000000001
1101010010000100110010110001010001001100101000000101110000101110001001000001010100010000111010100000000101110000000000011000100100111010000010100001010000110011001000000001000000010101011010000100000000100001010010000000010000010000000010000000000000001
0000000000000000000000000000000000000000000000000000000000000000000000000000000000000000000000000000000000000000000000000000000000000000000000000000000000000000000000000000000000000000000000000000000000000000000000000000000000000000000000000000000000000
1100110000000100010010000001011000001000001001110101011010011011000000000001010100000000010100101000010101101000000001001100100000000010011001000100000000101001000000000010000001000000110000010000000001000000000000000000000000000000000000000000000000001
1010010010011100100010000000010000000000000001000100000000101011000000000000000011000000000000001000010100010000000000001000100000001001000000000010000000100000100010000000000000000000000000000000000000111000000000000000000000000000000000000000000000001
1100110110011100110110011000010001100001101110110100111110110110000001000100001110000100010000100000000101110000000000001000000100001010000011011011001100011011101000000001100000010000001001010110001110000101001010000000010010000000000000000000000000001
1000110010000100010010011000010000000000101001000101100010001010001000000100000111000000110000100100000100100000000000001000100100101000000010000000000100000010100001000101000001010000100010100010001001101001011010000000000000000000000000000000000000000
1100110110000100110011110001110001001101101101111110111010111100111011100101010110010001110110101110010101111100011001011000110000000010010011111001001100101001101010000010000000110100010000010101000000100000001110000010111000000000000100000000000000001
1100110000000100000000010001010110101000101001000100100000110000000000000000010100010100011101001000000001100000000000001000000000011000000110000001001010000000000000010000000000000000001010000100000100000001001000000000000000000000000000000000000000001
0000000010000000000010000000010000000000000000000100000000000010010000000000000000000000000000000000000000000000000000001000000000000000000000000000000000000000000000000000000000000000000000000000000000000000000000000000000000000000000000000000000000000
0000000010000000000010000000000000000000000000000100000000000010100000000000000000000000000000000000000000000000000000000000000000000000000000000000000000000000000000000000000000000000000000000000000000000000000000000000000000000000000000000000000000000
1100010110000100010000000001101100100001101000110100111010000110000001000000010110010000110010101000110101010000100011011010000000000010000010100001000101001001101100000000100000000000100010000100000010100100000011000000010000010000000000000000000000001
0000000000000000000000000000000000000000000000000000100000000000000000000000000100000000000000000000000001000000000000000000000000000000000000000000000000000000000000000000000000000000000000000000000000100000000000000000000000000000000000000000000000000
0000000000000000000000000000000000000000000000000000000000000010000000000000000010000000000000000000000000000000000000000000000000000000000000000000000000000000100000000000000000000000000000000000000000000001000000000000000000000000000000000000000000000
1000010010000100010010100001000000100000101101010100001010001010001000100000001110000000110000111000100001000000000000001010000000000010000000001000001100001000100001000000000000010000000000000000000000000001000010000000000000000000000010000000000000001
0000010000000000000000000001000000100000000000000000000000000010000001000000000110000000000000000000000000000000000000000000000000000000000000000000000000000000100000000000000000000000000000000000000000000001000000000000000000000000000000000000000000000
0000000000000000000000000000000000000000000000000000000000000000000000000000000000000000000000000000000000000000000000000010000000000000000000000000000000000000000000000000000000000000000000000000000000100000000000000000000000000000000000000000000000000
0100000010000000000011000000000000000000000000100100000000000000000000000000000000000000001000000000000000000000000000001000000000000000000000000001001000000000000000000000000000010000000010000100000000001000000000000000010000000000000000000000000000001
1100110010000100000000010000000100001100100000000100000000001110000000000000000110001000011000101000000001100000000000001000000000000010000000000001000000010010101000000000000000000000000010000100000000000000000000000000010000000000000000000000000000000
0000000000000000000000000000000000000000010000000100000000000000000000000000000000000000000000100000000000000100000000000000000000000000000000000000000000000000000000000000000000000000000000000000010000000000000000000000000000000000000000000000000000000
0100010000000100010100100000000000000100000000000101100010100010000000000000000110000000010000101000000001000000000000001000000000000000000000000000001000000000100000000000000000000000010010000000100000101000000000000000000010000000000000000000000000001
0000000000000000000000000000000000000100000000000000000000000000000000000000000000000000000000000000000001000000000000000000000000000000000000000000000000000000000000000000000000100000000000000000000000000000000000000000000000000000000000000000000000000
1100110010000100110010100001010110100000000001000100000010100011001000000000000111010000001000101000000101100000000000001000000000100000000010001001000000001010100000000000000000010000100000000000000000100000100000000000000010000000000000000000000000001
1000010100000100100000000001000010100000001001000000100000001000000001000000000100000000000000100000000101000000000000001000100000010000000000000000000000000000000000000000000000010000000010000000000100000000000000000000000000000000000000000000000000001
1101110110000100110011110001010001101100101001010101110010101111001101100101011011010101111101111000110101110000000000011110000000111010001011110011011010111001101000100001000000010000001010110100000010101001011000000000010011010000000100000000000100001
1100110110000100010011110001111011001101101000111110111000011110001011100101010100010100110110101100010101100100011001011000110000000110010011001001001000001001101010000010000001110100000000010101000000110000000110000010101000000000000000000000000000001
0110110000000000100000110001010010000001100101110100101000010100000000000000010100100000010001100000000100110100000101011000000000000010000110010000000000000001000000001100000001010000000000000000000100010001000100000000000000000000001000101000000000001
1000010010010000000010000000000000000000100000000000010000000000000000000000000001000000000000000000000000000100000000000000000000000010000000000000000000000000000000001000000010000000000010000000000000000000000000000000000000000000000000000000000000000
1100010100000100110000010001100000100001101000100100100110000011001000000000010110000001000110001110000101100000000000001000000000000000000010000001001100000010100000000001000000010000000010000000000100100001010000000100000000000000000000000100000001001
0100010000000000010010000000000000000000100000000000000000000000000000000100000000000000000000000000000000000100000000000000000000000000000000000001000000000000000000000000000000000000100010000100000000000000000000000000000000000000000000000000000000000
1100000000000100000010010000001000000000001000100000000000001001000000000000000110000000000000000000000000000000000000001000000000000101000010000001000000010010000000000000000000000100000000000100001000000000100000000000000000000000000000000000000000001
0000110000000000000000000000000000000000000000000000000000000000000000000000000000000000000000000000000000000000000000000000000000000000000000000000000000000000000000000000000000000000000000000000000000000000000000000000000000000000000000000000000000000
1100010100000100010010000001000000000000101001100100101000000010000000000000000100010000001000001000000101100000000000000000100000000010000000000001000000001000000000000000000000000000000010100100000000000000100000000000110000000010000000000000000000001
1000010110000100000010100000000100000100001011110100101010000110001001000000000110000000010000001000100101100100100000000000000000000010000011000101000000100000100000001000000000000001010000000010100000000010000000000010000000000000000000000000000000001
1100110110000100110111010001010101000101101101110101111010101111001001000101000111000000101100001000000101100000000000001010100000001010000010001011000101111000100000010001001001011000000010001010000000000000001000010000100000000000000000000000000000001
1101010100000100011011110000000010100000001100110100100010000001000000001100010100000001010100000000000101000000011000000000000001000000001010000001000000001000000000000000000001010000100000000110000000000000000000100000100000000000000000000000000000001
1100010010000000110010000000000000000001101101100100100000100011000000000000000110010000011001000000000101100101000000001010000000100010000010000011000000001000101000010010000000011000100010000101110100000001010000000000100010000000000000000000000000000
0100010000000100000000000001101000000000100000000100000010000010001000000000000010010000000000001000110001000000000000001010000000000000000000000001000000000000100100000000000000000000000000000100000000100000000010000000010000000000000000000000000000001
1100010000000000110000000000010100000000100000010100000000000001000000000000000101000000000100000000000000100000100000000000000000100010000000000001000000000000001000000000000000000000000010000000000100000000000000000000000010000000000000001000000000000
1110110111000100110010110001011111000111011111111110101010101110001001000111011111000000000000011000100101100000100101000100100000000010000111011001011100011000001010010000101010010000100010000100000101000000000010010000000000000000000000000000000000001
0000000000000000000000000000000000000000001000010100010000000000000001000000000100000000000000100000000000100000000000000000000000000000000000000000000000000000000000000000000000000000000000100000000000000000000000000000000000000000000000000000000100000
0100010010000100010010000001000100000100101001100100101100110011001001000101010110010001110010100000010001110100011000011100000000100010000010001001000000001001100010010000100000010000000010000101000000000000000000000000000000010000000000000000000000001
1000000000000000010000000000000000100000000000000000000000000110000000000000000010010000000000000010000000000000000000001000000000000000000000000000000100000000100000000000000000000100000000000000000000000000000000000000000000000000000000000000000000001
1000000000000000010000000000000000100000000000000000000000000010000000000000000000010000000000000100000000000000000000001000000000000000000000000000000100000000000000000000000000000000000000000000000000000000000000000000000000000000000000000000000000001
0000010100000000000000000000000000000000000000000001000000000000000000000000000000000000000000000000000000000000000000000000000000000000000000000000000000100001000000000000000000000000000000000000000000000000000000000000000000000000000000000000000000000
1100010010000000100010000000000000001000011001000100000000000000001001000000000100000000100010100000000101100000000000001000000000000000000000000001000010001001000000000000000000010000000010000100000110100000000000000000000000000000000000000000000000001
1100010010000110000010000000010000000000101000000000100000110010001000000000000110000000000010001000000001000000000000001000000000000000010011001000010000001000100000000000000000010000000010000000000000100000001000000000000000000000000000000000000000000
0000000000000000000000000000000000000000000000000000000000000000000000000000000000000000000000000000000000000000000000000000000000000000000000000000000000000000000000000000000000000000000000000000000000000000000000000000000000000000000000000000000000000
1100110110010100010110110100011001011111101101110101101010111110001000000000011111010001111100100000100001110101000101011010100000000000001011100011001010101011100010111000000001010001110010100110010101110011011011100000110000100000000000001100000000001
0000000000000000000000000000000000000000000000000000000000000000000000000000000000000000000000000000000000000000000000000000000000000000000000000000000000000000000000000000000000000000000000000000000000000000000000000000000000000000000000000000000000000
1100110110000100110011110001010010101111001111110100101110101011001101000101111110010001111110101000110100010100000000001000000100000010010011000011001000001011100000000010000001011000110110110110000100100000101000100000000000011000000000000000000000001
1110011110011100110110110001011110111101111011110111111110101111000000000100010111010001110101111000100100000101111010011010110001100010010011001001111110001011101000100000000101010001011010100100000010100001011011000000010000000000001000001100000000001
1001010110001100110010110000000001101100110100010100101110011010001000000000000101000000000000001000000101000001000000001011100000010010000010000000001000010010001010000000000000010100000000000000000000000010000010000000000000010000000110000001000000001
1110010110000100110000100000001000000100010000000100010000100010000000000000000000000000000000000000000000000000000000000010000000000000010000000011010100000000000000000000000000000000000011000100000100000000000010000000010010000000000000000000000000000
1110110100000100010010010000001010000001110011000100001000000010000000000010000011101000100100001000000101100010000000011000000000000000000100100001000010000001100000000000000000000000000010000101010000000000000011000000000000000000000000001000000000001
0000010100000000000000000000000010000000000010000000000000000000000000000000000000000000000000000000000000000100000000000000000000000000000000000000000000000001000000000000000000000000000000000000000000000000000000000000000000000000000000000000000000000
1100010000000000010010000000000000100101101000000000000100000000000000000000000000000000000100000000000100110000000000000000000000100000000000000001000000000000000000000000000000000000100000000000000000000000000000000000000000000000000000000000000000001
1100010010000000010000000000010100000000010000010000010000000000001000000000000000000000100001100000000000100000000000001000000000000000000000100010000000100000000000000000000010000000000010000000000100000001000000000000000000000000000000000000000000001
1100010000000100010010100000000000000000100000000000100000000010000000000000000010000000001000001000000000100000001000001000000000000000000000000001000000000000100000000000000000000000000000000100000000000000000000000000000000000000000000000000000000000
1100010000000100010010100000000000000000100000000000100000000010000000000000000010000000001000001000000000100000010000001000000000000000000000000001000000000000100000000000000000000000000000000100000000000000000000000000000000000000000000000000000000000
0000010000000000000000000001000000000000000000000000100000000000000000000000000001000000000000100000000100000000000000001000000000000000000000001000000000000000000000000000000000000000000000000000000000000000001000000000000000000000000000100000000000000
1100000000000000000000000000000000000000000000000000010000000000001000000000000000000000000000000000000000100000000000000000000000000000000000000000000000000000000000100000000000000000000000000000000000000000000000000000000000000000000000000000000000001
0000010000000000000000000000000000000000100000000100000000100010001000000000000011000000000000100000000100000000000000000000000000000000000000000001000000000000100000000000000000000000000000000000000000010000000000000000000000000000000000000000000000000
1000000010000100000000000000000000000000000000000000000000000000000000000000000000000000000000000000000000000000000000001000000000000000000000000000000000000000000000000000000000000000000000000000000000000000000000000000000000000000000000000000000000000
0100110110000100010100100000000000000000000000000100010010000010001000000000000111000000000000001000000100100100000000001010000000000010000000001000000100000000101000000000000000000000000010000000010000100001000100000000000000000000000000000000000000001
1101110110001110110110110001011101100111101101110100101110111111101001001101011111010100010110001110110101110100111100110110100000000010000110011111000100011111101000001010001001010100110001100110000101001100010011100000010000001000000100000000000000001
0000000000000100000010000001000000000000001000000100000000100000000000000000000100000000000000101000000000000000000000001000000000000000000000000000000000001000000000000000000000000000000000000000000000100000000000000000000000000000000000000000000000000
1100010000000000000100010000000000000000001001000110100100000000001001010000000100000000010110000000000100111000000000011000000000010000000010010001000000100000000000000000000000000000010010100100000000000000000000000000010000000000000000000000000000001
1000010000000100010000000000000000000000000000000000000100000000000000000000000000000000000000000000000000010000000000000000000000000000000000000000000000000000000000000000000100000000000000000000000000000000000000000000000000000000000000000000000000001
1000110000010000010000100000010010000000000000010000101110110110000000000000001010000001010000100000000100110000000000001000000100101000000000000001000000100000100000000000000101010000000010001010000000000000000000000000000000000000000010000000000000001
0000000000000000000010000000000000001000000000000000000000000010000000000000000010000000000000000000000000100000000000000000000000000000000000000000000000000000100000000000000000000000000000000000000100010000000000000000000000000000000000000000000000000
0100010000000000000000000001000000000000000000000000000000000000000000000000000000000000000000000000000000000000000000000000000000000010000000000000000000000000000000000000000000000000000000000000000000000000000000000000000000000000000000000000000000001
0000100000000000000010000000010000000001000000010000010010001100000000000000000000000000000000000000000001000000000000000000100000010000000000000000000000000000000000000000000000010000100000000000000000000000000000000000000000000000000000000000000000000
0000000000000000000000000000000000000000000001010000000000000000000000000000000000000000000000000000000000000000000000000000000000000000000000000000000000000000000000000000000000000000000000000000000000000000000000000000000000000000000000000000000000000
0000000000000000000000000000000000000000000000000000000000000000000000000000000000000000001000000000000000100000000000000000000000000000000000000000000000000000000000000000000001010000000000000000000000010000000010000000000000000000000000000000000000000
1100010000000100110010000000010001100110100000000000100110000100000000000000010100000000000101001000000000100001000000000000100000000010001000000001010000000000001000000000000100000000100100000000000000100000000000000000000000000000000000000000000000001
0000000010000000000000000001000000000000101000000100000110000001000000000000001100000000000000000000000000010000000000000010000100001000000010000000000000000000000000000000000000000000000010000000000000000010000000000000000000000000000000000001000000000
0000000010010000010010100000000100000000000010010000100010011101000000000000000100000000010000000000000000000000000000000000100000010010000100000010000000000000000000000000000001010100000010001000000000001000000010000000000000000000000000000000000000000
0000000000000000000010000000001000000000001000000000000000000000000000000000000010000100000000000000000000000000000000000000000000000000000010000000000000000000000000000000000000010000000000000000000000000000000000000000000000000000000000000000000000000
1100110110000100110001110001000001000000100001000101110010101010001001000100000111100001110101101000000001110000000000011000001000101000000010001001000010110000101000110000000010000000101010000110000000100011010000000000000010010000000100000000000000001
0000000000000000000000000000000000000000000000000000000000010000000000000000000000000100000000000000000000000000000000000000000000000000000000000000000000000000000000000000000000000000000000000000000000000000000000000000000000000000000000000000000000000
0000000000000000000000000000000000000000000000000000000000000000000000000000000000000000000000000000000000000000000000000000000000000000000000000000000000000000000000000000000000000000000000000000000000000000000000000000000000000000000000000000000000000
0100010000000100000000010000000000001000010000000100100000100010000000000000000010000000000000000000010001101000000000000000000000000000000000000000001000000000100000000000000000000000000010000000000000000000000000000000000000000000000000000000000000000
1000000000000000000010000000000000000000000001000000001000100000000000000000000100000000001000000000000100000000000000000000000000100000000000000000000000001000000000000000000000000000000000000000000000000000001000000000000000000000000000000000000000000
0010100110000000000000000000000100010000101001000100100000000001000000000000000001000000000000100000000000000100000000001000000000001000000000100000000000000000000000001000000000010000000000000000010000100000000000000000000000000000000000000000000000000
1110010110110100110110010001011011111101101101110100101010001111001000000000010111010100111100101000010101110000000000001010000000010110000000000001001011101111101100000001000000011001000010000100000100101101011011000000000000000000001100001100000001001
0110000000000100000000000000001000000001000000000100100000101010000000000000000110000000100000100000010101100000000000000000000000000000000000000001011000000000100000000000000000000000000000000100000000000001000000000000010000000000000000000000000000000
0010010000000100000000100001000100100000001000010100000010000010001000000000000100000000000000000000000100000100100000000000000000000000000100000100010000101000000000000000000000000000000000100000000010000000000000000000000000000000000000000000000000000
1000010100000000010000010000000000000000000000000100000000001010000000000000000101000000000000100000000000000000000000001010000000000000000000000000000100000000000000000000000000000000000000100000000000000000001000000000000000000000000000000000000000000
0100010010000100000000000000011000000100100001000000001000001010000001000000010010000000010000101000010000100000000100011000000000000010000000000001000000000000100100000001000010000000000000000100000000100000001000000000010000000000000010000000000000000
0000000000000000000000000000000000010000000000010100000000100000000000000000000000000000100000000000000000000000000000001000000000000000000000100000001000000000000000000000000000000000000000000000000000000000000000000000000000000000000000000000000000000
1100010000000100110000100000001101000000000000010100100000011000000000000000000100000000010100000000000101001000100000001000000000001000000000000000000000000000100000000010000010000010000000000010000000000001000000000000000000000000000000000000000000000
1110010100000100110011110001011001101111101111110100101110001011001000001100010110011101111111101000100101101101011001001010100000100010000011001000000010101011101000000011001101010000001000100110000000100001001011000000110001000000000000000000000001001
0010000000000000100000000000000000001000000000000000001000000000000000000000000000000000000000000000000000100000000000000000000000000000000000000000000000000000000000000000000000000000000000000000000000000010000001000000000000000000000000000000000000000
1011010000000100010000000000001000001001110000000100000010000000000000000000000100000000000000100000010000101000000000000000000000100000000001100000000000000000000000000000000000000000001000100000000000100001000010000000000000000000000000000000000000001
1100010000001000110010000000000000000100001000110100000000001011000001001001000110010000000000100000000101110000000000000000000000000000010011000100000000000000000000000000000000000000000000000000000000000000000010000000000000000000000000000000000000001
1100110100000000110000000000000000000000000000000000010000001110001001000000000000010000010000100110000000101000000000011000000000000000000000010000000000000000000000000000000000000000010000000000000000000000001100000000000000000000000000000000000000001
1000010000010000000000010001000000000000001000000100100000000001000000000000000100000000000000000000100100100100000000000000000000000010000010000001000000000000001000000000000000000000001000000000000000000000000000000000000000000000000000000000000000001
1000000000000000000010000001000010000000100000100100000000000000001000000000000000000000010000000000000000000000000000000000000000000000000010000000000000000000000000000000000000000000000000000000000000100000000010000000000000000000000000000000000000000
1100110111000100010010110001010100100000001000110101110110110010000000000000000100000000110000000001000100000000100000000010100000000010000010100001000000000010000000000000000000010000000010000100000000100010000010000000000000100100000000000000000000001
1100010100001000000000010000000001000001000000100100100010001000000000000100000100000100010000100000000000010000000000001000000000000010000000000000000000000000001000000000100000000000000001000000001000000000000000000000000000000000000000000000000000001
1100000010001100000010010001011000100000101011010100100000101010001001000000010110000001011100101000110101100000000000001100000000000000001010100001000000000101100101010000001001010000101010000100000010110011001000000000110000000000000000000000000000000
0000000000000000000000000000000000000000000000000000000000000000000000000000000000000000000000000000000000000000000000001000000000000000000010000000000000001000000000000000000000000000000000000000000000000000000000000000000000000000000000000000000000000
1100010110010100110010000001000100001000101010000101100010001100000000000100010000010100000000000000000101110000000000001000000000000000000010000001000000100000000000101000000001000000000000000000000100000000010000000000000000010000000000000000000000001
1100110110001100010010000001001011000100001110000100101110101010001000000000000111000000000000001001100101100110000000001000000000000000000010000001000000001000100100000000000100010000000000000100000000100110001100100000010000000000000000000000000000001
1100110110000100010011110001110001000101101000111110111000011110001011100101010110010000110110001100010101100100011001011000110000000010010011001011000000001001001010000010000000110110000000010101000000100000000110000010101000000000000000000000000000001
0000000000000000000000000000000000000100000000000000000000000000000000000000000000000000000000000000000000000000000000000000000000000000000000000000000000000000000000000000000000000000000000000000000000000000001000000000000000000000000000000000000000000
1000110000000000110000110000000000000000100000000100100010001010001000000100000110000000000101100000000000110000000000011000000000100010000010000001000010010000100000100000000000000000000010000000000000100000000000000000000010000000000100000000000000001
0100010000000000010100000000001000000000000000100000000000000000001000000000000000000000000010000000000000000000000000000000000000000000000010001000000000001001000000000000000000000000000000000000000000000100000000000000000000000000000000000000000000001
0000000000000100000000000000000000000101000000000000000000010010000000000000000010000000000000101000000100010000000000000000000000000000000000000000000000000000100000000000000000010000000010000010000000011000000000000000000000000000000000000000000000000
0000000000000000000000000000000000000000100000000000000000000100000001000000000000000000000000000000000000000000000000000000000000000000000000000000000000001000000000000000000000000000000000000000000000000000000001000000000000000000000000000000000000000
1100010000000100110110000000000000000000000000000000110000000000000000000000000100000000000000000000000100100000000010000000000000000010000000000000000000000010001000000000000000000000000000000000000000000000000000000000000000000000000000000000000000001
0000010000000100000000000000001000000000001001010100100000000001000000000000000000000000010100101000000100000000000000000000000000000010000000000000000000001000000000000000000000000000000000000010100000000000010000000000100000000000000000000000000000000
0000100000000100000000000000000000000000100000000000000000000000000000000000000001100000100000000000000100000000000000001000000000000000000100000000000000000010000000000000000000000000000000000000000000000000000000000000000000000000000000000000000000000
0000000000000000000000100001000000000000100000000000000000000100000000000000000001000000000000000000000000000000000000000000000000000000000000000000000000000000000000000000000000000000000000000000000000000000000000000000000000000000000000000000000000000
1100010000000100010000100000000000000000010001010110100000100010000000000000000010000000000100000000000001000000000000001000000000000000000000000011000000000000100000000000000010010000001000000100000000000001000000000000000000000000000000000000000000000
0100010000000000000000000000010001000000100000000100001010001100000000000000000100010000010000000000000000000000000000000000000000000000000010001001000000000000000000000000001000000000000000000000000000100000000000000000000001000000000000000000000001000
0000010000000100000000010000000000100000100000100000100000001000001000000000000000000000000000101000000000000000000000000000000000000000000000000000000000010000000000000000000000000000000000000000000000000000000000000000000000000000000000000000000000000
0100010000000000000000000001000000000000000000000100000000000000000000000000000000000000000000000000000000000000000000000000000000000000000000000000000000000000000000000000000000000000000000000000000000000000000000000000000000000000000000000000000000000
1000000000010000000000000000000000000000001000000100000000000000000000000000000000000000010000100000000000000000000000001000000000000000000000000001000000001000000000000001000000000000000010000000000010000000000000000000000000000000000000000000000000000
1000010000000100010000000000010000000000100000000000000100000000000000000000000000000000000000000000000000100000000000000001100000100000000000000001000000000001000000000000000000000000000000000000000000000000001000000000000000000000000000000000000000001
0100000000000100010010000000000100000000000000010100000000000000000000000000000000100000000000100000000000000000100000000000000000000010000000001010000000000000000000000010000000000000000000000000000000000000000000000000000000000000000000000000000000000
0000000100000100100000000000000000000000000010000100100000100100000000000000000011000000011000000000000101100000000000001000100001001000000000000001000000001010000000000000000000000000000000001010000000110001001000000000100010000000000000000000000000000
0000000000000000000000000000000000000100000000000000000000000010000000000000100010000000000000000000000000000000000000000000000000000000000000000000000000000000100000000000000000000000000000000000000000000000000000000000000000000000000000000000000000000
1100011110000100110011000001011000001101111001110101111110001110000001001000011111010000011100101000110101110000000000001000100101001100000110000001000000101001100010000010000000000100001010000110000010000100000010000000001000010000000000000000000000001
0100010000000000000000000000000000101001010101000100000000000000000000000000000000000000010100000000000001000000000000000000000000000000000010000000000000000000000000000000000000000000000000010000000000000000000000000000000000000000000000000000000000000
1000010000000000010010010001000100000100000000110100000010000010000000000000000010000100000000000100000000010000000000001000000000001000000000000000000000000000100000000000000000010000000100000010000000000000000000000000001000010000010000000000000000000
0000000000000000000000000000000000000000000000000000000000000000000000000000000000000000000000000000000000000000000000000000000000000000000000000010000000000000100000000000000000000000000000000000000000000000000000000000000000000000000000000000000000000
1000000010000000000000000000000000000100001000000100100010000000000000000000000000000000100000000000000100100000000000000000000000000000000010000000000000000000000000000000000000000000000000000000000000000010000000000010000000000000000000000000000000001
0100010000000000010010000000000000100000101001100101110000100100001000000000010000001000001100100000000101000001000000001000000100100010000000000000000000001000000000000000000000000000000010000010000001101010000001000000000000000000000000000000000000001
0000000000000100010000000000000000000000100000000000101010100010000000000001000000000000100000000000000101100000000000001010000000000000000000000000000100000000000000000000000000000000000000000000000000100000000000000000000000000000000000000000000000000
1000000000000100010010110000010000000000000000000000100010001001000000000000000100000000000000000000000000100000000000000000000000000010000000000001010010001000000000000010000000010000000000000000000010000000000010000000000000000000000000000000000000000
0000000000000000000000000000000001000100000000000000000000000000000000000000000000000000000000000000000001000000000000000000000000100000000000000000000000000000000000000000000000000100000000000000000000000000000000000000000000000000000000000000000000001
1100110111010100111010110001111111100101101000110100111010000101001000001101001100111001010101101000110101101100100000010010100000011010010010000000000000101000001010000000001000010000100000000010001000000000000010100000100000000000000000000000000000001
0100000100000000000000000000000000010000100000000100000000001000000000000000000000000000000000000000000000001000000000001000000000000000000000000000000000010000000000000000000000000000000000000000000000000000000000000000000000000000000000000000000000000
0100010000000100000000000000000000000000001000010100110000000100000000000000000100000001000000010000000101100000000000001010000000000000000000110001010000000000000000000000000000000000000000000100000000000000010000000000010000000000000000000000000100001
0000110000000000000010000000010000100101100101000100100000101010000000000000000110000000000000000000000001000000000000000000000000000000000000000000000000000000100000000000000000001000000000000000000000100000001000000000000000000000000000000000000000000
0000000000000000000000000000000000000000000000000000100000000000000000000000000000000000010000000000000000000000000000000000100000001000000000000000000000000000000000000000000001000000000000000000000000000000000000000000000000000000000000000000000000000
1110010100000100110010100001011001101111101111110100101010001011001000001100000110001101001110101000100101101100011000001010000000000010000011001001000000101001100000000010000000010000000000100010000000100001000010000000110000000000000000000000000000001
0100010000000000110010000000010000100101001000110100100100001100000000000000000000000000111000000000000101000000000000001000100000000010000000000011000000000000000010010000000001010100100010000100000000100000000000010000000000000000000000000000000000001
0000000000000100000010000000000000000000000000000100100000000010000000000000000010000000000100001000000000000100000000000000000000000000000000000000000000000000100000000000000000000000000000000000010000000000000000000000000000000000000000000000000000000
0000000000000000000000000000000001000000000100010100100000000000000000000001000000000000100100000000000000000000000000000000000000000000000000000000000000000000000000010000000000000000000000000000000000000000000000000000000000000000000000000000000000000
0010100000000000010010010000001000000000110000000100001000000000000000000010000000000000000100000000000100000100000000010000000000000000000100000000000000000000000000000000000000000000000000000001000000000000000011000000000000000000000000000000000000000
0000000000000000000000010000000000000000000000000000000000001100000000000000000000000100000000000000000000000000000000000000000000000000000000000000000000010000000000000000000000000000000010000000000000000000000000000000000000000000000000000000000000000
0000010100011100010010010000110100100000000010110100100000001001000000000000001001010000000101100000100101001000100000001000010000000000000010000000000000000010000000000000000000000000000000000000000000100000001000010000000000000000000000000000000000001
1000000010001000000010000000000000000000001010010100100000001000001000000000000100000000000000000000100000100000000000000000000000000000000000100000000000001000000000000000001000010000001000000000000000100000000000000000000000000000000000000000000000000
0000010000000000000000000000000000000000000001000000000000100100000000000000000000000000000000100000000100000000000000001000000000000000000000000000000000000000000000000000000000000000100000000000000000000000000001000000000000000000000000000000000000001
1110110111010100110010010111111001000100001011110100101010010110001100010001010110010000000010000000110101100000000000010100000000100010000110001001010001101001101000000001000001000000110000010110000110001000001110000010000001001000000000000000000000001
1000110000000000110010000000000000000000000000000100000000010000000000000000000011000000000000000000000100000000000001000000010001000000000000000000000000001000000010000000000001000000000000000000000000000000000000000000100000000000000000000000000000001
1100000010001000000010010000000000000001001000100100101000010100000000001001000100000000000000000000000000000000000000001000000000001000000010000000000000000000000010000000000000000000100000000000000000100000000000000000000000000000001000000000000000001
0000000010000000000000000000001000000000000000000000000000001000001000000000000000000000000000000000000000000000000000001000000000000000000010000000000000000001000100000000000000010000000000000000000000000000000000000000000000000000000000000000000000000
1000010000000000100010000000000000001000000001000000100000000000000000000000000000000000100000000000000100010000000000000000000000010010000000000000100000101001000000000000000000000001100000000000000000000001000000000000000000000000000000000001000000001
1100110100000100010010010001000100000000001010110100100110001101000011100000000101010000000100000000000100100000100000010000000000000010000011000011010000001000000000000010000001000000000000000100000000000010000100000000100000000000000000000000000000001
0000010000000000000000000000000000000000000000000000001000000000000000000000010000000101000000000000000001000000000000000000000000000000000000000000000000000000000000000000000000000000000000000000000000000000000000000000000000000010000000000000000000000
1100010000000100110000110000000000000000100000000100001010000100000000000000000100010000000100000000000100100000000000001000000000000010000010000000000000000010000000010000000000000000000000100000000000000000000000000000000000000000000000000000000000001
1000110100000000010000111001000000000110101000100100101100001111000000000000000100000000010000000000010101100000000100000000000000000000001010011001000100001001010000000000000101000000000000010000000100100000000000000000100000000000010000000000000000001
1000100000000000010000000000000000000000000000000000010000000010000000000000000011000000000000000000000000000000000000010000000000000000000000000000000100000001100000000000000000000000000000000000000000100001000000000000000000000000000000000000000000001
1100110001001100010010000000001010001001101000110100000010001110001001000000000010000000000010100000000100111100000000001000000001001000000010000001011001100000100000000000000000010000001010000100010000100000000000000000010000000000000000000000000000000
0000110100010000010000000000000000001000100011100100001000000000001000000000000000000000000000000000000100100100000000001000000000000000000010000001100000000000000001000000000000000000100000000000010001000000000000000000000000000000000000000000000000001
0000100000000000110010000000000000000100000000000000100000000000000000000000000000000000001000000000000101000000000000001000000000000000000000000000000000000001000000000000000000000000000010000000000000000000000000000000000000000000000000000000000000000
0000000000000000000000000000000000000000100000000000000000000000000000000000000000000000010000100000000000000000000000000000000000000000000000000000000000000000000000000000000000000000000000000010000100000000000000000000000000000000000000000000000000000
0000000000000000000000000000000000000000000000000000000000000000000000000000000000000000000000000000000000000000000000000000000000000000000000000000000000000000000000000000000000000000000000000000000000000000000000000000000000000000000000000000000000000
0000000000000000000000000000000000000000001000000100000000000000000000000000000000010000000000000000000000000000000000000000000000000000000000000000000000000000000000000000000000000000000000000000000000000000000000000000000000000000000000000000000000000
0000000000000000000000000000000000000000100000000100000000000010000000000000000010000000100000000000000000000000000000000000000000000000000000000000000000000000100000000000000000000001000000000000000000100000000000000000000000000000000000000000000000000
0000000000000000000000000000000000000000000000000000000000000000000000000000000000000000000000000000000000000000000000000000000000000000000000000000000000000000000000000000000000000000000000000000000000000000000000000000000000000000000000000000000000000
0100000000000000000000010000000000000000101000000100100000000010000000000000000010000001011100000000000100000000000000000000000000000000000000000001000000001000100000010000000001000000000010000100000000010001001000000000000000000000000000000000000000000
0110010100000000100010000000000001000001100011000100001010001010001000001100000100000001000010000000000100101000000000001010000000000000000001001001000000001001000000000000000000000000000000100100000000000000000010000000000000000000000000000000000000001
1000000000000000000000000001000100000000000000000000000000000010000000000000000010000000000000000000000000000000000000000000000000000000000000000000000000000000100000000000000000010100000000000000000000000000000000000000000000000000000000000000000000000
0000000000000000000000000000000000000000000000000000000000000000000000000000000000000000000000000000000000000000000000000000000000000000000000000000000000000000000000000000000000000000000000000000000000000000000000000000000000000000000000000000000000000
1000010100000100100000100000000100000100000001010100000000001000000000000001010100000000000101000000000000001000000000000000000000000010000000000000000000000000001000000000000001000000000000000000000000000000000000000000000000000000000000000000000000001
0000000000000000000000000000000000000000000000000000000000000000000000000000000100000000000000000000000000000000000000000000000000000000000000000001000000000000000000000001000000000000000000000000000000100000000000000000000000000000000000000000000000000
0000000000000000000000000000000000000000000000000000000000000000000000000000000000000000000000000000000100000000000000000000000000000000000000000000000000100000000000000000000000000000000000000000000000000000000000000000000000000000000000000000000000000
1000010110000100110000100000000000000100010000010100001010000000001000000000000100000000000000001000000001010000000000000000000000000010000000000000000000000010000000000000000000010100000000000000000000000000000000000000000000000000000000000000000000000
1000010000000000000000000001010000000000000000000000000000000000000000000000000000000000000000000000000001000000000000001000000000000000000000000000000000000000000000000000000000000000000000000000000000100000000000000000000000000000000000000000000000000
0000000000000000000010000001000000000000000000000100000000000000000000000000000000000000000000000000000000000000000000000000000000000000000000000000000000100000000000000000000000000000000000000000000000000000000000000000000000000000000000000000000000000
0000010000000000000000000000000000000000000000000000001000000000000000000000000000000001000000000000000000000000000000000000000000000000000000000000000000000000000000000000000000000000000000000000000000000000100000000000000000000000000000000000000000000
0000000000000000000000000000000000000000000000000000000000000000000000000000000000000000000000000000000000000000000000000000000000000000000000000000000000000000000000000000000000000000000000000000000000000000000000000000000000000000000000000000000000000
0000000000000000000000000000000000000000000000000000000000000000000000000000000000000000000000000000000000000000000000000000000000000000000000000000000000000000000000000000000000000000000000000000000000000000000000000000000000000000000000000000000000000
0000010000000000000000010001000000000000000000000100000000000000000000000000000000000000000000000000000000000000000000000000000000000000000000000000000000000000000000000000000000000100000000000000000000000000001000000000000000000000000000000000000000000
0100000000000000010010010000000000000001000000100000100000000000000000000000000001000000000000000000000000100000000000000000000000000000000010000000000000000000000000000000000000000000000000000000000000001000000000000000000000000000000000001000000000001
0000000000000000000010000000000000000000000000000100000000000010000000000000000100000000000000000000000000010000000000001000000000000010000010000000000000000000001000000000000000000000000000000000000000000000000000000000000000000000000000000000000000000
0000000000000000010000100000000000000000000000000100100010000000000001000000000000000000000000000000000000010000000000000000100000000000000000001000000000000000000000000000000000000000000000000000000000000000000000000000000000000000000000000000000000000
0000000000000000000000000000000000000000000000000000000000000000000000000000000000000000000000000000000000000000000000000000000000000000000000000000000000000000000000000000000000000000000000000000000000000000000000000000000000000000000000000000000000000
0000010000000000000000000001000000000000000000000000000000000000000000000000000001000000000000000000000000000000000100000000000000000000000000000000000000000000000000000000000000000000000000000000000000000000000000000000000000000000000000000000000000000
0000000000000000010010000000000000000000000000000000101000000000000000000000000000000000000000000000000000000000000000000000000000000000000000000000000000000000000000000000000000000000000000000000000000000000000000000000000000000000000000000000000000000
0000000000000000000000010000000000000001000001100000000000000000000000000000000001000000000001000000000100100100000000000000000000000000000010000000000000000000000000000000000000000000000000000000000000000000000000000000000000000000001000000000000000000
0100000000000000010000000000000000000000000000000000000000000000000000000000000000010000000000000000000100100000000000000000000000000000000010000000000000000000000000000000000000000000000000000000000000000000000000000000000000000000000000000000000000001
0000000000000000000000000000000000000000000000000000000000000000000000000000000000000000000000000000000000000000000000000000000000000000000000000000000000000000000000000000000000000000000000000000000000000000000000000000000000000000000000000000000000000
0000000000000000000000000000000000000000000000000000100000000000000000000000000000000000000000000000000000010000000000000000000000010000000000000000000000000000000000000000000000000000000000000000000000000010000000000000000000000000000000000000000000000
0000000000000000000000000000000000000000000000000000000000000000000000000000000000000000000000000000000000000000000000000000000000000000000000000000000000000000000000000000000000000000000000000000000000000000000000000000000000000000000000000000000000000
0000000000000000000000000000000000000000000000000000000000000000000000000000000000000000000000000000000000000000000000000000000000000000000000000000000000000000000000000000000000000000000000000000000000000000000000000000000000000000000000000000000000000
0000000000000000000000000000000000000000000000000000000000000000000000000000000000000000000000000000000000000000000000000000000000000000000000000000000000000000000000000000000000000000000000000000000000000000000000000000000000000000000000000000000000000
0000000000000000000000000000000000000000001000010100010000000000000000000000000100000000000000010000000000000000000000000000000000000000000000000000000000000000000000000000000000000000000000100000000000000000000000000000000000000000000000000000000000000
0000000000000000000000000000000000000000000000000000000000000000000000000000000000000000000000000000000000000000000000000000000000000000000000000000000000000000000000000000000000000000000000000000000000000000000000000000000000000000000000000000000000000
0000000000000000000000000000000000000000000000000000000000000000000000000000000000010000000000000000000000000000000000000000000000000000000010000001000000000000000000000001000000000000000000000000000000000000000000000000000000000000000000000000000000000
0000000000000000000000000000000000000000000000000000000000000000000000000000000000000000000000000000000000000000000000000000000000000000000000000000000000000000000000000000000000000000000000000000000000000000000000000000000000000000000000000000000000000
0000000000000000000000000000000000000000000000000000000000000000000000000000000000000000000000000000000000000000000000000000000000000000000000000000000000000000000000000000000000000000000000000000000000000000000000000000000000000000000000000000000000000
1101111110000100110110110101111110101111101111110100111110111011001001001001011111010101111010101110100101110101100010011011101000100010000010000001011110110011101100100000000100010001100110100110000101111011011101000000010010000000001000000100000000000
